--- multipoles on reference trajectory (rz > 0) ---
effective_length:                   114.45319432389589 mm
perpendicular_grid:                 41 points in [-10.000000,+10.000000] mm
max_fitting_error_normal            1.050/32702.309 G/G
max_fitting_error_skew              1739.490/1739.490 G/G
r0_for_relative_multipoles          12.0 mm
main_monomial                       n = 0, skew:False
                                       Nn(s=0)      Integ_Nn     Nn/N0(@r0)   |    Sn(s=0)      Integ_Sn     Sn/S0(@r0)  
<multipole_order n>                    [T/m^n]      [T.m/m^n]        []       |    [T/m^n]      [T.m/m^n]        []      
n=00:                                3.2713e+00    -3.7442e-01   +1.0000e+00  |      ---           ---           ---     
n=01:                                7.6777e-02    +3.1252e+00   -1.0016e-01  |      ---           ---           ---     
n=02:                                2.6088e+02    +3.9388e+00   -1.5149e-03  |      ---           ---           ---     
n=03:                                1.5944e+03    -1.6732e+02   +7.7221e-04  |      ---           ---           ---     
n=04:                                4.4682e+06    +7.1193e+04   -3.9429e-03  |      ---           ---           ---     
n=05:                                1.6196e+07    +1.7662e+06   -1.1738e-03  |      ---           ---           ---     
n=06:                                6.7990e+09    -1.1216e+09   +8.9452e-03  |      ---           ---           ---     
n=07:                                1.2851e+11    -9.7561e+09   +9.3367e-04  |      ---           ---           ---     
n=08:                                6.1453e+14    +1.8184e+13   -2.0883e-02  |      ---           ---           ---     
n=10:                                2.6297e+18    -7.6223e+16   +1.2605e-02  |      ---           ---           ---     
