--- multipoles on reference trajectory (rz > 0) ---
effective_length:                   114.480532854184 mm
perpendicular_grid:                 41 points in [-10.000000,+10.000000] mm
max_fitting_error_normal            0.504/27366.584 G/G
max_fitting_error_skew              1728.311/1728.311 G/G
r0_for_relative_multipoles          12.0 mm
main_monomial                       n = 0, skew:False
                                       Nn(s=0)      Integ_Nn     Nn/N0(@r0)   |    Sn(s=0)      Integ_Sn     Sn/S0(@r0)  
<multipole_order n>                    [T/m^n]      [T.m/m^n]        []       |    [T/m^n]      [T.m/m^n]        []      
n=00:                                3.2758e+00    -3.7501e-01   +1.0000e+00  |      ---           ---           ---     
n=01:                                5.7831e-02    +3.1282e+00   -1.0010e-01  |      ---           ---           ---     
n=02:                                2.6532e+02    +4.1995e+00   -1.6126e-03  |      ---           ---           ---     
n=03:                                2.4971e+03    -9.0224e+01   +4.1574e-04  |      ---           ---           ---     
n=04:                                4.1623e+06    +1.3502e+04   -7.4657e-04  |      ---           ---           ---     
n=05:                                6.6756e+05    +2.3391e+05   -1.5521e-04  |      ---           ---           ---     
n=06:                                6.0998e+09    +5.5699e+08   -4.4350e-03  |      ---           ---           ---     
n=07:                                1.3205e+11    -2.6545e+09   +2.5363e-04  |      ---           ---           ---     
n=08:                                4.6452e+14    -9.0971e+11   +1.0431e-03  |      ---           ---           ---     
n=10:                                2.0234e+18    -1.0328e+15   +1.7053e-04  |      ---           ---           ---     
