--- multipoles on reference trajectory (rz > 0) ---
effective_length:                   113.61830810079395 mm
perpendicular_grid:                 41 points in [-10.000000,+10.000000] mm
max_fitting_error_normal            1.477/29616.829 G/G
max_fitting_error_skew              81.521/81.521 G/G
r0_for_relative_multipoles          12 mm
main_monomial                       n = 0, skew:False
                                       Nn(s=0)      Integ_Nn     Nn/N0(@r0)   |    Sn(s=0)      Integ_Sn     Sn/S0(@r0)  
<multipole_order n>                    [T/m^n]      [T.m/m^n]        []       |    [T/m^n]      [T.m/m^n]        []      
n=00:                                3.2884e+00    -3.7363e-01   +1.0000e+00  |      ---           ---           ---     
n=01:                                3.8607e-02    +3.1311e+00   -1.0056e-01  |      ---           ---           ---     
n=02:                                2.2107e+02    +2.2043e+00   -8.4954e-04  |      ---           ---           ---     
n=03:                                3.1092e+02    -9.5332e+01   +4.4090e-04  |      ---           ---           ---     
n=04:                                3.6128e+06    +1.0296e+05   -5.7140e-03  |      ---           ---           ---     
n=05:                                1.4161e+07    +6.9788e+05   -4.6478e-04  |      ---           ---           ---     
n=06:                                1.6136e+10    -1.4741e+09   +1.1781e-02  |      ---           ---           ---     
n=07:                                5.4125e+09    -3.7867e+09   +3.6316e-04  |      ---           ---           ---     
n=08:                                3.0423e+14    +1.9285e+13   -2.2194e-02  |      ---           ---           ---     
n=10:                                1.2268e+18    -7.4285e+16   +1.2310e-02  |      ---           ---           ---     
