--- multipoles on reference trajectory (rz > 0) ---
effective_length:                   118.51399729509853 mm
perpendicular_grid:                 41 points in [-10.000000,+10.000000] mm
max_fitting_error_normal            0.802/31356.446 G/G
max_fitting_error_skew              4.251/4.251 G/G
r0_for_relative_multipoles          12 mm
main_monomial                       n = 0, skew:False
                                       Nn(s=0)      Integ_Nn     Nn/N0(@r0)   |    Sn(s=0)      Integ_Sn     Sn/S0(@r0)  
<multipole_order n>                    [T/m^n]      [T.m/m^n]        []       |    [T/m^n]      [T.m/m^n]        []      
n=00:                                3.1654e+00    -3.7515e-01   +1.0000e+00  |      ---           ---           ---     
n=01:                                2.6313e-02    +3.2437e+00   -1.0376e-01  |      ---           ---           ---     
n=02:                                3.4666e+02    +5.0709e+00   -1.9465e-03  |      ---           ---           ---     
n=03:                                7.4825e+01    -3.5976e+01   +1.6571e-04  |      ---           ---           ---     
n=04:                                4.3352e+06    +4.8117e+04   -2.6596e-03  |      ---           ---           ---     
n=05:                                7.6362e+05    -2.0741e+05   +1.3758e-04  |      ---           ---           ---     
n=06:                                1.4889e+10    +9.1403e+07   -7.2752e-04  |      ---           ---           ---     
n=07:                                1.7134e+09    +7.5832e+08   -7.2430e-05  |      ---           ---           ---     
n=08:                                2.6407e+14    +1.7070e+12   -1.9565e-03  |      ---           ---           ---     
n=10:                                1.3364e+18    -8.0221e+15   +1.3240e-03  |      ---           ---           ---     
