--- multipoles on reference trajectory (rz > 0) ---
effective_length:                   114.69843442801181 mm
perpendicular_grid:                 41 points in [-10.000000,+10.000000] mm
max_fitting_error_normal            0.572/32624.872 G/G
max_fitting_error_skew              1737.794/1737.794 G/G
r0_for_relative_multipoles          12 mm
main_monomial                       n = 0, skew:False
                                       Nn(s=0)      Integ_Nn     Nn/N0(@r0)   |    Sn(s=0)      Integ_Sn     Sn/S0(@r0)  
<multipole_order n>                    [T/m^n]      [T.m/m^n]        []       |    [T/m^n]      [T.m/m^n]        []      
n=00:                                3.2728e+00    -3.7539e-01   +1.0000e+00  |      ---           ---           ---     
n=01:                                7.0718e-02    +3.1279e+00   -9.9990e-02  |      ---           ---           ---     
n=02:                                2.4019e+02    +2.1283e+00   -8.1641e-04  |      ---           ---           ---     
n=03:                                1.4332e+02    -5.5643e+01   +2.5614e-04  |      ---           ---           ---     
n=04:                                5.3997e+06    +1.0368e+05   -5.7270e-03  |      ---           ---           ---     
n=05:                                7.2455e+06    +1.6144e+05   -1.0702e-04  |      ---           ---           ---     
n=06:                                1.8017e+10    -8.3271e+08   +6.6237e-03  |      ---           ---           ---     
n=07:                                1.1093e+11    -2.4253e+09   +2.3150e-04  |      ---           ---           ---     
n=08:                                6.5172e+14    +8.5359e+12   -9.7773e-03  |      ---           ---           ---     
n=10:                                2.5964e+18    -2.6073e+16   +4.3006e-03  |      ---           ---           ---     
