--- multipoles on reference trajectory (rz > 0) ---
effective_length:                   113.54726303793773 mm
perpendicular_grid:                 41 points in [-10.000000,+10.000000] mm
max_fitting_error_normal            2.025/29480.257 G/G
max_fitting_error_skew              81.506/81.506 G/G
r0_for_relative_multipoles          12 mm
main_monomial                       n = 0, skew:False
                                       Nn(s=0)      Integ_Nn     Nn/N0(@r0)   |    Sn(s=0)      Integ_Sn     Sn/S0(@r0)  
<multipole_order n>                    [T/m^n]      [T.m/m^n]        []       |    [T/m^n]      [T.m/m^n]        []      
n=00:                                3.2884e+00    -3.7339e-01   +1.0000e+00  |      ---           ---           ---     
n=01:                                3.8607e-02    +3.1231e+00   -1.0037e-01  |      ---           ---           ---     
n=02:                                2.2107e+02    +2.9053e+00   -1.1204e-03  |      ---           ---           ---     
n=03:                                3.1092e+02    -1.8447e+01   +8.5368e-05  |      ---           ---           ---     
n=04:                                3.6128e+06    +6.1152e+04   -3.3960e-03  |      ---           ---           ---     
n=05:                                1.4161e+07    -1.3044e+06   +8.6924e-04  |      ---           ---           ---     
n=06:                                1.6136e+10    -4.0431e+08   +3.2332e-03  |      ---           ---           ---     
n=07:                                5.4125e+09    +9.3128e+09   -8.9368e-04  |      ---           ---           ---     
n=08:                                3.0423e+14    +7.8722e+12   -9.0652e-03  |      ---           ---           ---     
n=10:                                1.2268e+18    -3.1061e+16   +5.1506e-03  |      ---           ---           ---     
