--- multipoles on reference trajectory (rz > 0) ---
effective_length:                   113.98935690880712 mm
perpendicular_grid:                 41 points in [-10.000000,+10.000000] mm
max_fitting_error_normal            0.543/27831.086 G/G
max_fitting_error_skew              1732.399/1732.399 G/G
r0_for_relative_multipoles          12.0 mm
main_monomial                       n = 0, skew:False
                                       Nn(s=0)      Integ_Nn     Nn/N0(@r0)   |    Sn(s=0)      Integ_Sn     Sn/S0(@r0)  
<multipole_order n>                    [T/m^n]      [T.m/m^n]        []       |    [T/m^n]      [T.m/m^n]        []      
n=00:                                3.2848e+00    -3.7443e-01   +1.0000e+00  |      ---           ---           ---     
n=01:                                6.7612e-03    +3.1254e+00   -1.0016e-01  |      ---           ---           ---     
n=02:                                2.1310e+02    +2.3753e+00   -9.1350e-04  |      ---           ---           ---     
n=03:                                4.1206e+03    -2.2021e+02   +1.0162e-03  |      ---           ---           ---     
n=04:                                5.3704e+06    +4.1789e+04   -2.3143e-03  |      ---           ---           ---     
n=05:                                6.7591e+07    +2.8400e+06   -1.8873e-03  |      ---           ---           ---     
n=06:                                1.4209e+10    +4.7150e+08   -3.7601e-03  |      ---           ---           ---     
n=07:                                4.9770e+11    -1.6166e+10   +1.5470e-03  |      ---           ---           ---     
n=08:                                6.1178e+14    -3.0674e+12   +3.5225e-03  |      ---           ---           ---     
n=10:                                2.4043e+18    +1.3269e+16   -2.1941e-03  |      ---           ---           ---     
