--- multipoles on reference trajectory (rz > 0) ---
effective_length:                   114.69450764584687 mm
perpendicular_grid:                 41 points in [-10.000000,+10.000000] mm
max_fitting_error_normal            0.998/30292.852 G/G
max_fitting_error_skew              1747.753/1747.753 G/G
r0_for_relative_multipoles          12.0 mm
main_monomial                       n = 0, skew:False
                                       Nn(s=0)      Integ_Nn     Nn/N0(@r0)   |    Sn(s=0)      Integ_Sn     Sn/S0(@r0)  
<multipole_order n>                    [T/m^n]      [T.m/m^n]        []       |    [T/m^n]      [T.m/m^n]        []      
n=00:                                3.2699e+00    -3.7504e-01   +1.0000e+00  |      ---           ---           ---     
n=01:                                9.2336e-02    +3.1287e+00   -1.0011e-01  |      ---           ---           ---     
n=02:                                2.5900e+02    +3.8271e+00   -1.4694e-03  |      ---           ---           ---     
n=03:                                1.3490e+03    -7.1784e+00   +3.3074e-05  |      ---           ---           ---     
n=04:                                4.5054e+06    +3.6761e+04   -2.0325e-03  |      ---           ---           ---     
n=05:                                9.1496e+06    -8.1240e+05   +5.3901e-04  |      ---           ---           ---     
n=06:                                5.7063e+09    +1.1582e+08   -9.2213e-04  |      ---           ---           ---     
n=07:                                1.8781e+11    +1.9495e+09   -1.8626e-04  |      ---           ---           ---     
n=08:                                6.1689e+14    +3.3178e+12   -3.8038e-03  |      ---           ---           ---     
n=10:                                2.7224e+18    -1.8107e+16   +2.9894e-03  |      ---           ---           ---     
