--- multipoles on reference trajectory (rz > 0) ---
effective_length:                   114.24989709597021 mm
perpendicular_grid:                 41 points in [-10.000000,+10.000000] mm
max_fitting_error_normal            0.581/32671.102 G/G
max_fitting_error_skew              1726.453/1726.453 G/G
r0_for_relative_multipoles          12.0 mm
main_monomial                       n = 0, skew:False
                                       Nn(s=0)      Integ_Nn     Nn/N0(@r0)   |    Sn(s=0)      Integ_Sn     Sn/S0(@r0)  
<multipole_order n>                    [T/m^n]      [T.m/m^n]        []       |    [T/m^n]      [T.m/m^n]        []      
n=00:                                3.2836e+00    -3.7515e-01   +1.0000e+00  |      ---           ---           ---     
n=01:                                4.3664e-03    +3.1291e+00   -1.0009e-01  |      ---           ---           ---     
n=02:                                2.9121e+02    +4.6354e+00   -1.7793e-03  |      ---           ---           ---     
n=03:                                8.3863e+02    -1.3487e+02   +6.2124e-04  |      ---           ---           ---     
n=04:                                2.5335e+06    +5.0731e+03   -2.8041e-04  |      ---           ---           ---     
n=05:                                1.0929e+07    +1.4180e+06   -9.4055e-04  |      ---           ---           ---     
n=06:                                4.9590e+10    +9.8333e+08   -7.8268e-03  |      ---           ---           ---     
n=07:                                1.0493e+11    -8.1394e+09   +7.7742e-04  |      ---           ---           ---     
n=08:                                3.3851e+13    -6.2026e+12   +7.1092e-03  |      ---           ---           ---     
n=10:                                5.3018e+17    +1.9775e+16   -3.2639e-03  |      ---           ---           ---     
