--- multipoles on reference trajectory (rz > 0) ---
effective_length:                   114.3017845618579 mm
perpendicular_grid:                 41 points in [-10.000000,+10.000000] mm
max_fitting_error_normal            0.710/31472.943 G/G
max_fitting_error_skew              1774.327/1774.327 G/G
r0_for_relative_multipoles          12 mm
main_monomial                       n = 0, skew:False
                                       Nn(s=0)      Integ_Nn     Nn/N0(@r0)   |    Sn(s=0)      Integ_Sn     Sn/S0(@r0)  
<multipole_order n>                    [T/m^n]      [T.m/m^n]        []       |    [T/m^n]      [T.m/m^n]        []      
n=00:                                3.2844e+00    -3.7541e-01   +1.0000e+00  |      ---           ---           ---     
n=01:                                2.7475e-02    +3.1286e+00   -1.0001e-01  |      ---           ---           ---     
n=02:                                2.7083e+02    +3.8986e+00   -1.4954e-03  |      ---           ---           ---     
n=03:                                1.1662e+03    -9.0448e+01   +4.1633e-04  |      ---           ---           ---     
n=04:                                3.5699e+06    +2.1859e+04   -1.2074e-03  |      ---           ---           ---     
n=05:                                2.8888e+07    +7.7671e+05   -5.1482e-04  |      ---           ---           ---     
n=06:                                2.6818e+10    +6.6448e+08   -5.2852e-03  |      ---           ---           ---     
n=07:                                1.7944e+11    -4.9629e+09   +4.7369e-04  |      ---           ---           ---     
n=08:                                2.2164e+14    -4.1520e+12   +4.7555e-03  |      ---           ---           ---     
n=10:                                1.0747e+18    +1.5536e+16   -2.5624e-03  |      ---           ---           ---     
