--- multipoles on reference trajectory (rz > 0) ---
effective_length:                   114.73768210231373 mm
perpendicular_grid:                 41 points in [-10.000000,+10.000000] mm
max_fitting_error_normal            1.140/28962.970 G/G
max_fitting_error_skew              1739.503/1739.503 G/G
r0_for_relative_multipoles          12.0 mm
main_monomial                       n = 0, skew:False
                                       Nn(s=0)      Integ_Nn     Nn/N0(@r0)   |    Sn(s=0)      Integ_Sn     Sn/S0(@r0)  
<multipole_order n>                    [T/m^n]      [T.m/m^n]        []       |    [T/m^n]      [T.m/m^n]        []      
n=00:                                3.2713e+00    -3.7535e-01   +1.0000e+00  |      ---           ---           ---     
n=01:                                7.6777e-02    +3.1254e+00   -9.9920e-02  |      ---           ---           ---     
n=02:                                2.6088e+02    +3.2456e+00   -1.2452e-03  |      ---           ---           ---     
n=03:                                1.5944e+03    +6.0225e+00   -2.7726e-05  |      ---           ---           ---     
n=04:                                4.4682e+06    +8.9316e+04   -4.9343e-03  |      ---           ---           ---     
n=05:                                1.6196e+07    -9.2137e+05   +6.1081e-04  |      ---           ---           ---     
n=06:                                6.7990e+09    -1.2852e+09   +1.0224e-02  |      ---           ---           ---     
n=07:                                1.2851e+11    +2.3728e+09   -2.2652e-04  |      ---           ---           ---     
n=08:                                6.1453e+14    +1.8214e+13   -2.0865e-02  |      ---           ---           ---     
n=10:                                2.6297e+18    -7.3021e+16   +1.2046e-02  |      ---           ---           ---     
