--- multipoles on reference trajectory (rz > 0) ---
effective_length:                   114.15149716275901 mm
perpendicular_grid:                 41 points in [-10.000000,+10.000000] mm
max_fitting_error_normal            0.534/30221.854 G/G
max_fitting_error_skew              1719.478/1719.478 G/G
r0_for_relative_multipoles          12.0 mm
main_monomial                       n = 0, skew:False
                                       Nn(s=0)      Integ_Nn     Nn/N0(@r0)   |    Sn(s=0)      Integ_Sn     Sn/S0(@r0)  
<multipole_order n>                    [T/m^n]      [T.m/m^n]        []       |    [T/m^n]      [T.m/m^n]        []      
n=00:                                3.2796e+00    -3.7437e-01   +1.0000e+00  |      ---           ---           ---     
n=01:                                4.1867e-02    +3.1230e+00   -1.0010e-01  |      ---           ---           ---     
n=02:                                2.6279e+02    +3.6200e+00   -1.3924e-03  |      ---           ---           ---     
n=03:                                2.2346e+03    -1.7958e+01   +8.2890e-05  |      ---           ---           ---     
n=04:                                4.4437e+06    +3.7778e+04   -2.0925e-03  |      ---           ---           ---     
n=05:                                4.8481e+06    -1.2604e+06   +8.3775e-04  |      ---           ---           ---     
n=06:                                5.2499e+09    +1.7320e+08   -1.3815e-03  |      ---           ---           ---     
n=07:                                1.8221e+11    +4.5763e+09   -4.3801e-04  |      ---           ---           ---     
n=08:                                6.3307e+14    +3.1906e+12   -3.6645e-03  |      ---           ---           ---     
n=10:                                2.8185e+18    -1.9339e+16   +3.1985e-03  |      ---           ---           ---     
