--- multipoles on reference trajectory (rz > 0) ---
effective_length:                   114.70919625152442 mm
perpendicular_grid:                 41 points in [-10.000000,+10.000000] mm
max_fitting_error_normal            0.572/32624.873 G/G
max_fitting_error_skew              1737.794/1737.794 G/G
r0_for_relative_multipoles          12.0 mm
main_monomial                       n = 0, skew:False
                                       Nn(s=0)      Integ_Nn     Nn/N0(@r0)   |    Sn(s=0)      Integ_Sn     Sn/S0(@r0)  
<multipole_order n>                    [T/m^n]      [T.m/m^n]        []       |    [T/m^n]      [T.m/m^n]        []      
n=00:                                3.2728e+00    -3.7542e-01   +1.0000e+00  |      ---           ---           ---     
n=01:                                7.0768e-02    +3.1280e+00   -9.9984e-02  |      ---           ---           ---     
n=02:                                2.4019e+02    +2.1329e+00   -8.1811e-04  |      ---           ---           ---     
n=03:                                1.4436e+02    -5.6768e+01   +2.6129e-04  |      ---           ---           ---     
n=04:                                5.3996e+06    +1.0357e+05   -5.7203e-03  |      ---           ---           ---     
n=05:                                7.2192e+06    +1.8096e+05   -1.1994e-04  |      ---           ---           ---     
n=06:                                1.8015e+10    -8.2954e+08   +6.5979e-03  |      ---           ---           ---     
n=07:                                1.1090e+11    -2.5215e+09   +2.4066e-04  |      ---           ---           ---     
n=08:                                6.5169e+14    +8.4916e+12   -9.7257e-03  |      ---           ---           ---     
n=10:                                2.5963e+18    -2.5864e+16   +4.2657e-03  |      ---           ---           ---     
