--- multipoles on reference trajectory (rz > 0) ---
effective_length:                   114.70270698918088 mm
perpendicular_grid:                 41 points in [-10.000000,+10.000000] mm
max_fitting_error_normal            0.574/32268.778 G/G
max_fitting_error_skew              1738.731/1738.731 G/G
r0_for_relative_multipoles          12.0 mm
main_monomial                       n = 0, skew:False
                                       Nn(s=0)      Integ_Nn     Nn/N0(@r0)   |    Sn(s=0)      Integ_Sn     Sn/S0(@r0)  
<multipole_order n>                    [T/m^n]      [T.m/m^n]        []       |    [T/m^n]      [T.m/m^n]        []      
n=00:                                3.2657e+00    -3.7459e-01   +1.0000e+00  |      ---           ---           ---     
n=01:                                4.1537e-01    +3.1270e+00   -1.0017e-01  |      ---           ---           ---     
n=02:                                2.0517e+02    +2.3755e+00   -9.1319e-04  |      ---           ---           ---     
n=03:                                1.1829e+04    -1.1547e+02   +5.3268e-04  |      ---           ---           ---     
n=04:                                4.8713e+06    +8.9507e+04   -4.9548e-03  |      ---           ---           ---     
n=05:                                9.4829e+07    -2.6433e+05   +1.7559e-04  |      ---           ---           ---     
n=06:                                4.2104e+09    -6.9569e+08   +5.5456e-03  |      ---           ---           ---     
n=07:                                3.7875e+11    +2.9145e+09   -2.7879e-04  |      ---           ---           ---     
n=08:                                5.1775e+14    +8.0726e+12   -9.2663e-03  |      ---           ---           ---     
n=10:                                2.1258e+18    -2.4788e+16   +4.0973e-03  |      ---           ---           ---     
