--- multipoles on reference trajectory (rz > 0) ---
effective_length:                   114.11279653777756 mm
perpendicular_grid:                 41 points in [-10.000000,+10.000000] mm
max_fitting_error_normal            0.822/32438.186 G/G
max_fitting_error_skew              1733.568/1733.568 G/G
r0_for_relative_multipoles          12.0 mm
main_monomial                       n = 0, skew:False
                                       Nn(s=0)      Integ_Nn     Nn/N0(@r0)   |    Sn(s=0)      Integ_Sn     Sn/S0(@r0)  
<multipole_order n>                    [T/m^n]      [T.m/m^n]        []       |    [T/m^n]      [T.m/m^n]        []      
n=00:                                3.2795e+00    -3.7423e-01   +1.0000e+00  |      ---           ---           ---     
n=01:                                8.0540e-02    +3.1171e+00   -9.9953e-02  |      ---           ---           ---     
n=02:                                2.9126e+02    +3.0845e+00   -1.1869e-03  |      ---           ---           ---     
n=03:                                7.4775e+02    +1.5096e+00   -6.9707e-06  |      ---           ---           ---     
n=04:                                3.2407e+06    +9.1824e+04   -5.0880e-03  |      ---           ---           ---     
n=05:                                4.0870e+07    -8.1459e+05   +5.4163e-04  |      ---           ---           ---     
n=06:                                3.4342e+10    -8.2972e+08   +6.6204e-03  |      ---           ---           ---     
n=07:                                1.0443e+11    +5.0523e+09   -4.8375e-04  |      ---           ---           ---     
n=08:                                1.8328e+14    +1.0253e+13   -1.1780e-02  |      ---           ---           ---     
n=10:                                1.0818e+18    -3.5478e+16   +5.8699e-03  |      ---           ---           ---     
