--- multipoles on reference trajectory (rz > 0) ---
effective_length:                   114.47095622639789 mm
perpendicular_grid:                 41 points in [-10.000000,+10.000000] mm
max_fitting_error_normal            0.767/29398.753 G/G
max_fitting_error_skew              1721.340/1721.340 G/G
r0_for_relative_multipoles          12.0 mm
main_monomial                       n = 0, skew:False
                                       Nn(s=0)      Integ_Nn     Nn/N0(@r0)   |    Sn(s=0)      Integ_Sn     Sn/S0(@r0)  
<multipole_order n>                    [T/m^n]      [T.m/m^n]        []       |    [T/m^n]      [T.m/m^n]        []      
n=00:                                3.2789e+00    -3.7534e-01   +1.0000e+00  |      ---           ---           ---     
n=01:                                3.5584e-02    +3.1251e+00   -9.9911e-02  |      ---           ---           ---     
n=02:                                2.4790e+02    +3.7771e+00   -1.4491e-03  |      ---           ---           ---     
n=03:                                3.4750e+03    -1.6304e+02   +7.5061e-04  |      ---           ---           ---     
n=04:                                4.5238e+06    +4.4301e+02   -2.4474e-05  |      ---           ---           ---     
n=05:                                2.3527e+07    +1.6543e+06   -1.0967e-03  |      ---           ---           ---     
n=06:                                5.6592e+09    +1.4194e+09   -1.1292e-02  |      ---           ---           ---     
n=07:                                2.4450e+11    -9.7684e+09   +9.3253e-04  |      ---           ---           ---     
n=08:                                3.9231e+14    -1.2903e+13   +1.4781e-02  |      ---           ---           ---     
n=10:                                1.5698e+18    +4.9907e+16   -8.2327e-03  |      ---           ---           ---     
