--- multipoles on reference trajectory (rz > 0) ---
effective_length:                   114.08063875967682 mm
perpendicular_grid:                 41 points in [-10.000000,+10.000000] mm
max_fitting_error_normal            0.660/30204.197 G/G
max_fitting_error_skew              1725.606/1725.606 G/G
r0_for_relative_multipoles          12.0 mm
main_monomial                       n = 0, skew:False
                                       Nn(s=0)      Integ_Nn     Nn/N0(@r0)   |    Sn(s=0)      Integ_Sn     Sn/S0(@r0)  
<multipole_order n>                    [T/m^n]      [T.m/m^n]        []       |    [T/m^n]      [T.m/m^n]        []      
n=00:                                3.2861e+00    -3.7488e-01   +1.0000e+00  |      ---           ---           ---     
n=01:                                3.5973e-02    +3.1351e+00   -1.0036e-01  |      ---           ---           ---     
n=02:                                2.6790e+02    +3.0854e+00   -1.1851e-03  |      ---           ---           ---     
n=03:                                2.3585e+03    +2.0187e+00   -9.3050e-06  |      ---           ---           ---     
n=04:                                3.7905e+06    +4.8614e+04   -2.6890e-03  |      ---           ---           ---     
n=05:                                3.9923e+07    -1.7673e+06   +1.1730e-03  |      ---           ---           ---     
n=06:                                2.5605e+10    +1.6899e+08   -1.3460e-03  |      ---           ---           ---     
n=07:                                9.2727e+09    +7.1967e+09   -6.8787e-04  |      ---           ---           ---     
n=08:                                2.1423e+14    +3.2608e+11   -3.7400e-04  |      ---           ---           ---     
n=10:                                1.0292e+18    -1.3111e+14   +2.1655e-05  |      ---           ---           ---     
