--- multipoles on reference trajectory (rz > 0) ---
effective_length:                   114.09444276936374 mm
perpendicular_grid:                 41 points in [-10.000000,+10.000000] mm
max_fitting_error_normal            0.575/32411.872 G/G
max_fitting_error_skew              1726.391/1726.391 G/G
r0_for_relative_multipoles          12.0 mm
main_monomial                       n = 0, skew:False
                                       Nn(s=0)      Integ_Nn     Nn/N0(@r0)   |    Sn(s=0)      Integ_Sn     Sn/S0(@r0)  
<multipole_order n>                    [T/m^n]      [T.m/m^n]        []       |    [T/m^n]      [T.m/m^n]        []      
n=00:                                3.2836e+00    -3.7464e-01   +1.0000e+00  |      ---           ---           ---     
n=01:                                4.3664e-03    +3.1267e+00   -1.0015e-01  |      ---           ---           ---     
n=02:                                2.9121e+02    +4.1125e+00   -1.5807e-03  |      ---           ---           ---     
n=03:                                8.3863e+02    -1.8564e+00   +8.5627e-06  |      ---           ---           ---     
n=04:                                2.5335e+06    +1.1849e+04   -6.5581e-04  |      ---           ---           ---     
n=05:                                1.0929e+07    -1.3794e+06   +9.1618e-04  |      ---           ---           ---     
n=06:                                4.9590e+10    +1.1298e+09   -9.0047e-03  |      ---           ---           ---     
n=07:                                1.0493e+11    +7.3809e+09   -7.0593e-04  |      ---           ---           ---     
n=08:                                3.3851e+13    -9.2649e+12   +1.0634e-02  |      ---           ---           ---     
n=10:                                5.3018e+17    +3.3846e+16   -5.5939e-03  |      ---           ---           ---     
