--- multipoles on reference trajectory (rz > 0) ---
effective_length:                   114.45936083349307 mm
perpendicular_grid:                 41 points in [-10.000000,+10.000000] mm
max_fitting_error_normal            0.568/32508.030 G/G
max_fitting_error_skew              1719.497/1719.497 G/G
r0_for_relative_multipoles          12.0 mm
main_monomial                       n = 0, skew:False
                                       Nn(s=0)      Integ_Nn     Nn/N0(@r0)   |    Sn(s=0)      Integ_Sn     Sn/S0(@r0)  
<multipole_order n>                    [T/m^n]      [T.m/m^n]        []       |    [T/m^n]      [T.m/m^n]        []      
n=00:                                3.2796e+00    -3.7538e-01   +1.0000e+00  |      ---           ---           ---     
n=01:                                4.1867e-02    +3.1206e+00   -9.9760e-02  |      ---           ---           ---     
n=02:                                2.6279e+02    +4.0320e+00   -1.5467e-03  |      ---           ---           ---     
n=03:                                2.2346e+03    -6.5748e+01   +3.0266e-04  |      ---           ---           ---     
n=04:                                4.4437e+06    +3.4236e+04   -1.8912e-03  |      ---           ---           ---     
n=05:                                4.8481e+06    -3.5766e+05   +2.3709e-04  |      ---           ---           ---     
n=06:                                5.2499e+09    +1.2808e+08   -1.0188e-03  |      ---           ---           ---     
n=07:                                1.8221e+11    -7.6210e+08   +7.2747e-05  |      ---           ---           ---     
n=08:                                6.3307e+14    +4.0395e+12   -4.6271e-03  |      ---           ---           ---     
n=10:                                2.8185e+18    -2.2688e+16   +3.7424e-03  |      ---           ---           ---     
