--- multipoles on reference trajectory (rz > 0) ---
effective_length:                   114.32692328385876 mm
perpendicular_grid:                 41 points in [-10.000000,+10.000000] mm
max_fitting_error_normal            0.654/32624.561 G/G
max_fitting_error_skew              1731.198/1731.198 G/G
r0_for_relative_multipoles          12.0 mm
main_monomial                       n = 0, skew:False
                                       Nn(s=0)      Integ_Nn     Nn/N0(@r0)   |    Sn(s=0)      Integ_Sn     Sn/S0(@r0)  
<multipole_order n>                    [T/m^n]      [T.m/m^n]        []       |    [T/m^n]      [T.m/m^n]        []      
n=00:                                3.2826e+00    -3.7529e-01   +1.0000e+00  |      ---           ---           ---     
n=01:                                1.2535e-02    +3.1204e+00   -9.9774e-02  |      ---           ---           ---     
n=02:                                3.0439e+02    +4.3688e+00   -1.6763e-03  |      ---           ---           ---     
n=03:                                6.2224e+02    +5.8468e+01   -2.6921e-04  |      ---           ---           ---     
n=04:                                3.3974e+06    +4.7274e+04   -2.6120e-03  |      ---           ---           ---     
n=05:                                1.8372e+06    -1.7752e+06   +1.1770e-03  |      ---           ---           ---     
n=06:                                1.7348e+10    -4.3262e+08   +3.4421e-03  |      ---           ---           ---     
n=07:                                1.2127e+11    +6.2298e+09   -5.9480e-04  |      ---           ---           ---     
n=08:                                4.4332e+14    +1.1524e+13   -1.3203e-02  |      ---           ---           ---     
n=10:                                2.1967e+18    -5.4080e+16   +8.9223e-03  |      ---           ---           ---     
