--- multipoles on reference trajectory (rz > 0) ---
effective_length:                   114.0162074431408 mm
perpendicular_grid:                 41 points in [-10.000000,+10.000000] mm
max_fitting_error_normal            0.702/32655.207 G/G
max_fitting_error_skew              1774.344/1774.344 G/G
r0_for_relative_multipoles          12.0 mm
main_monomial                       n = 0, skew:False
                                       Nn(s=0)      Integ_Nn     Nn/N0(@r0)   |    Sn(s=0)      Integ_Sn     Sn/S0(@r0)  
<multipole_order n>                    [T/m^n]      [T.m/m^n]        []       |    [T/m^n]      [T.m/m^n]        []      
n=00:                                3.2844e+00    -3.7447e-01   +1.0000e+00  |      ---           ---           ---     
n=01:                                2.7422e-02    +3.1217e+00   -1.0003e-01  |      ---           ---           ---     
n=02:                                2.7083e+02    +2.9168e+00   -1.1216e-03  |      ---           ---           ---     
n=03:                                1.1671e+03    -8.1074e+01   +3.7411e-04  |      ---           ---           ---     
n=04:                                3.5700e+06    +8.2920e+04   -4.5916e-03  |      ---           ---           ---     
n=05:                                2.8858e+07    +8.6002e+05   -5.7147e-04  |      ---           ---           ---     
n=06:                                2.6816e+10    -7.6751e+08   +6.1200e-03  |      ---           ---           ---     
n=07:                                1.7939e+11    -5.6835e+09   +5.4383e-04  |      ---           ---           ---     
n=08:                                2.2166e+14    +1.0788e+13   -1.2387e-02  |      ---           ---           ---     
n=10:                                1.0748e+18    -4.1005e+16   +6.7799e-03  |      ---           ---           ---     
