--- multipoles on reference trajectory (rz > 0) ---
effective_length:                   114.4217895590155 mm
perpendicular_grid:                 41 points in [-10.000000,+10.000000] mm
max_fitting_error_normal            0.855/29404.953 G/G
max_fitting_error_skew              1737.722/1737.722 G/G
r0_for_relative_multipoles          12.0 mm
main_monomial                       n = 0, skew:False
                                       Nn(s=0)      Integ_Nn     Nn/N0(@r0)   |    Sn(s=0)      Integ_Sn     Sn/S0(@r0)  
<multipole_order n>                    [T/m^n]      [T.m/m^n]        []       |    [T/m^n]      [T.m/m^n]        []      
n=00:                                3.2728e+00    -3.7448e-01   +1.0000e+00  |      ---           ---           ---     
n=01:                                7.0768e-02    +3.1271e+00   -1.0021e-01  |      ---           ---           ---     
n=02:                                2.4019e+02    +2.4367e+00   -9.3697e-04  |      ---           ---           ---     
n=03:                                1.4436e+02    -1.5324e+02   +7.0710e-04  |      ---           ---           ---     
n=04:                                5.3996e+06    +9.4801e+04   -5.2494e-03  |      ---           ---           ---     
n=05:                                7.2192e+06    +1.9447e+06   -1.2922e-03  |      ---           ---           ---     
n=06:                                1.8015e+10    -8.3439e+08   +6.6531e-03  |      ---           ---           ---     
n=07:                                1.1090e+11    -1.1605e+10   +1.1104e-03  |      ---           ---           ---     
n=08:                                6.5169e+14    +9.8382e+12   -1.1296e-02  |      ---           ---           ---     
n=10:                                2.5963e+18    -3.3112e+16   +5.4748e-03  |      ---           ---           ---     
