--- multipoles on reference trajectory (rz > 0) ---
effective_length:                   114.39314720691573 mm
perpendicular_grid:                 41 points in [-10.000000,+10.000000] mm
max_fitting_error_normal            0.684/32738.790 G/G
max_fitting_error_skew              1722.229/1722.229 G/G
r0_for_relative_multipoles          12.0 mm
main_monomial                       n = 0, skew:False
                                       Nn(s=0)      Integ_Nn     Nn/N0(@r0)   |    Sn(s=0)      Integ_Sn     Sn/S0(@r0)  
<multipole_order n>                    [T/m^n]      [T.m/m^n]        []       |    [T/m^n]      [T.m/m^n]        []      
n=00:                                3.2794e+00    -3.7514e-01   +1.0000e+00  |      ---           ---           ---     
n=01:                                5.2856e-02    +3.1285e+00   -1.0008e-01  |      ---           ---           ---     
n=02:                                2.7669e+02    +4.3139e+00   -1.6559e-03  |      ---           ---           ---     
n=03:                                2.6822e+03    -5.2641e+01   +2.4248e-04  |      ---           ---           ---     
n=04:                                3.5953e+06    +5.3319e+01   -2.9472e-06  |      ---           ---           ---     
n=05:                                4.3951e+04    -6.8127e+05   +4.5189e-04  |      ---           ---           ---     
n=06:                                2.0844e+10    +1.3197e+09   -1.0505e-02  |      ---           ---           ---     
n=07:                                1.7521e+11    +2.6754e+09   -2.5554e-04  |      ---           ---           ---     
n=08:                                3.0881e+14    -1.1597e+13   +1.3292e-02  |      ---           ---           ---     
n=10:                                1.4765e+18    +4.4549e+16   -7.3529e-03  |      ---           ---           ---     
