--- multipoles on reference trajectory (rz > 0) ---
effective_length:                   114.48137086712057 mm
perpendicular_grid:                 41 points in [-10.000000,+10.000000] mm
max_fitting_error_normal            0.504/27366.625 G/G
max_fitting_error_skew              1728.311/1728.311 G/G
r0_for_relative_multipoles          12 mm
main_monomial                       n = 0, skew:False
                                       Nn(s=0)      Integ_Nn     Nn/N0(@r0)   |    Sn(s=0)      Integ_Sn     Sn/S0(@r0)  
<multipole_order n>                    [T/m^n]      [T.m/m^n]        []       |    [T/m^n]      [T.m/m^n]        []      
n=00:                                3.2758e+00    -3.7501e-01   +1.0000e+00  |      ---           ---           ---     
n=01:                                5.7885e-02    +3.1281e+00   -1.0010e-01  |      ---           ---           ---     
n=02:                                2.6532e+02    +4.1943e+00   -1.6105e-03  |      ---           ---           ---     
n=03:                                2.4963e+03    -9.0627e+01   +4.1760e-04  |      ---           ---           ---     
n=04:                                4.1624e+06    +1.3806e+04   -7.6337e-04  |      ---           ---           ---     
n=05:                                6.3598e+05    +2.4210e+05   -1.6064e-04  |      ---           ---           ---     
n=06:                                6.0993e+09    +5.5109e+08   -4.3880e-03  |      ---           ---           ---     
n=07:                                1.3211e+11    -2.6961e+09   +2.5761e-04  |      ---           ---           ---     
n=08:                                4.6452e+14    -8.6178e+11   +9.8809e-04  |      ---           ---           ---     
n=10:                                2.0235e+18    -1.1713e+15   +1.9339e-04  |      ---           ---           ---     
