--- multipoles on reference trajectory (rz > 0) ---
effective_length:                   114.23642472109962 mm
perpendicular_grid:                 41 points in [-10.000000,+10.000000] mm
max_fitting_error_normal            0.581/32671.095 G/G
max_fitting_error_skew              1726.453/1726.453 G/G
r0_for_relative_multipoles          12 mm
main_monomial                       n = 0, skew:False
                                       Nn(s=0)      Integ_Nn     Nn/N0(@r0)   |    Sn(s=0)      Integ_Sn     Sn/S0(@r0)  
<multipole_order n>                    [T/m^n]      [T.m/m^n]        []       |    [T/m^n]      [T.m/m^n]        []      
n=00:                                3.2836e+00    -3.7511e-01   +1.0000e+00  |      ---           ---           ---     
n=01:                                4.3118e-03    +3.1289e+00   -1.0010e-01  |      ---           ---           ---     
n=02:                                2.9121e+02    +4.6276e+00   -1.7765e-03  |      ---           ---           ---     
n=03:                                8.3789e+02    -1.3400e+02   +6.1728e-04  |      ---           ---           ---     
n=04:                                2.5336e+06    +5.6461e+03   -3.1212e-04  |      ---           ---           ---     
n=05:                                1.0964e+07    +1.3946e+06   -9.2513e-04  |      ---           ---           ---     
n=06:                                4.9589e+10    +9.6969e+08   -7.7191e-03  |      ---           ---           ---     
n=07:                                1.0501e+11    -7.9865e+09   +7.6291e-04  |      ---           ---           ---     
n=08:                                3.3873e+13    -6.0814e+12   +6.9711e-03  |      ---           ---           ---     
n=10:                                5.3030e+17    +1.9414e+16   -3.2046e-03  |      ---           ---           ---     
