--- multipoles on reference trajectory (rz > 0) ---
effective_length:                   116.84659035520265 mm
perpendicular_grid:                 41 points in [-10.000000,+10.000000] mm
max_fitting_error_normal            28.793/30945.407 G/G
max_fitting_error_skew              0.000/0.000 G/G
r0_for_relative_multipoles          12 mm
main_monomial                       n = 0, skew:False
                                       Nn(s=0)      Integ_Nn     Nn/N0(@r0)   |    Sn(s=0)      Integ_Sn     Sn/S0(@r0)  
<multipole_order n>                    [T/m^n]      [T.m/m^n]        []       |    [T/m^n]      [T.m/m^n]        []      
n=00:                                3.2099e+00    -3.7507e-01   +1.0000e+00  |      ---           ---           ---     
n=01:                                8.4801e-02    +3.1092e+00   -9.9475e-02  |      ---           ---           ---     
n=02:                                3.0951e+02    +7.3616e+00   -2.8263e-03  |      ---           ---           ---     
n=03:                                4.7941e+03    -1.5788e+01   +7.2739e-05  |      ---           ---           ---     
n=04:                                7.5242e+06    +1.3925e+04   -7.6985e-04  |      ---           ---           ---     
n=05:                                7.3379e+07    -7.2238e+05   +4.7925e-04  |      ---           ---           ---     
n=06:                                9.0805e+10    +1.0070e+09   -8.0169e-03  |      ---           ---           ---     
n=07:                                3.1905e+11    +3.5344e+09   -3.3766e-04  |      ---           ---           ---     
n=08:                                1.6699e+15    -8.8261e+12   +1.0118e-02  |      ---           ---           ---     
n=10:                                7.7041e+18    +3.5467e+16   -5.8551e-03  |      ---           ---           ---     
