--- multipoles on reference trajectory (rz > 0) ---
effective_length:                   114.41036064456925 mm
perpendicular_grid:                 41 points in [-10.000000,+10.000000] mm
max_fitting_error_normal            0.741/32654.414 G/G
max_fitting_error_skew              1755.197/1755.197 G/G
r0_for_relative_multipoles          12.0 mm
main_monomial                       n = 0, skew:False
                                       Nn(s=0)      Integ_Nn     Nn/N0(@r0)   |    Sn(s=0)      Integ_Sn     Sn/S0(@r0)  
<multipole_order n>                    [T/m^n]      [T.m/m^n]        []       |    [T/m^n]      [T.m/m^n]        []      
n=00:                                3.2759e+00    -3.7479e-01   +1.0000e+00  |      ---           ---           ---     
n=01:                                1.5790e-02    +3.1217e+00   -9.9949e-02  |      ---           ---           ---     
n=02:                                2.8198e+02    +4.3192e+00   -1.6595e-03  |      ---           ---           ---     
n=03:                                3.9906e+03    -1.8035e+02   +8.3152e-04  |      ---           ---           ---     
n=04:                                3.9816e+06    +6.0467e+04   -3.3454e-03  |      ---           ---           ---     
n=05:                                1.3774e+07    +1.6955e+06   -1.1257e-03  |      ---           ---           ---     
n=06:                                2.2190e+10    -6.0388e+08   +4.8112e-03  |      ---           ---           ---     
n=07:                                2.1751e+11    -9.6978e+09   +9.2715e-04  |      ---           ---           ---     
n=08:                                2.6094e+14    +1.1186e+13   -1.2833e-02  |      ---           ---           ---     
n=10:                                1.2333e+18    -4.5899e+16   +7.5828e-03  |      ---           ---           ---     
