--- multipoles on reference trajectory (rz > 0) ---
effective_length:                   114.2916353987884 mm
perpendicular_grid:                 41 points in [-10.000000,+10.000000] mm
max_fitting_error_normal            0.902/32523.076 G/G
max_fitting_error_skew              1730.230/1730.230 G/G
r0_for_relative_multipoles          12 mm
main_monomial                       n = 0, skew:False
                                       Nn(s=0)      Integ_Nn     Nn/N0(@r0)   |    Sn(s=0)      Integ_Sn     Sn/S0(@r0)  
<multipole_order n>                    [T/m^n]      [T.m/m^n]        []       |    [T/m^n]      [T.m/m^n]        []      
n=00:                                3.2788e+00    -3.7474e-01   +1.0000e+00  |      ---           ---           ---     
n=01:                                1.1279e-01    +3.1318e+00   -1.0029e-01  |      ---           ---           ---     
n=02:                                2.5817e+02    +2.0962e+00   -8.0550e-04  |      ---           ---           ---     
n=03:                                3.7494e+03    -7.4614e+01   +3.4406e-04  |      ---           ---           ---     
n=04:                                4.5476e+06    +1.1051e+05   -6.1150e-03  |      ---           ---           ---     
n=05:                                2.9589e+07    +2.8048e+05   -1.8625e-04  |      ---           ---           ---     
n=06:                                7.6155e+09    -1.1244e+09   +8.9596e-03  |      ---           ---           ---     
n=07:                                1.4141e+11    -8.3409e+08   +7.9755e-05  |      ---           ---           ---     
n=08:                                4.4273e+14    +1.3844e+13   -1.5884e-02  |      ---           ---           ---     
n=10:                                2.0338e+18    -5.1953e+16   +8.5842e-03  |      ---           ---           ---     
