--- multipoles on reference trajectory (rz > 0) ---
effective_length:                   114.02245101074038 mm
perpendicular_grid:                 41 points in [-10.000000,+10.000000] mm
max_fitting_error_normal            0.702/32655.206 G/G
max_fitting_error_skew              1774.344/1774.344 G/G
r0_for_relative_multipoles          12 mm
main_monomial                       n = 0, skew:False
                                       Nn(s=0)      Integ_Nn     Nn/N0(@r0)   |    Sn(s=0)      Integ_Sn     Sn/S0(@r0)  
<multipole_order n>                    [T/m^n]      [T.m/m^n]        []       |    [T/m^n]      [T.m/m^n]        []      
n=00:                                3.2844e+00    -3.7449e-01   +1.0000e+00  |      ---           ---           ---     
n=01:                                2.7475e-02    +3.1216e+00   -1.0003e-01  |      ---           ---           ---     
n=02:                                2.7083e+02    +2.9199e+00   -1.1228e-03  |      ---           ---           ---     
n=03:                                1.1662e+03    -8.0696e+01   +3.7235e-04  |      ---           ---           ---     
n=04:                                3.5699e+06    +8.2750e+04   -4.5819e-03  |      ---           ---           ---     
n=05:                                2.8888e+07    +8.5325e+05   -5.6694e-04  |      ---           ---           ---     
n=06:                                2.6818e+10    -7.6293e+08   +6.0831e-03  |      ---           ---           ---     
n=07:                                1.7944e+11    -5.6400e+09   +5.3964e-04  |      ---           ---           ---     
n=08:                                2.2164e+14    +1.0739e+13   -1.2330e-02  |      ---           ---           ---     
n=10:                                1.0747e+18    -4.0820e+16   +6.7490e-03  |      ---           ---           ---     
