--- multipoles on reference trajectory (rz > 0) ---
effective_length:                   114.12045763476127 mm
perpendicular_grid:                 41 points in [-10.000000,+10.000000] mm
max_fitting_error_normal            0.822/32438.171 G/G
max_fitting_error_skew              1733.568/1733.568 G/G
r0_for_relative_multipoles          12 mm
main_monomial                       n = 0, skew:False
                                       Nn(s=0)      Integ_Nn     Nn/N0(@r0)   |    Sn(s=0)      Integ_Sn     Sn/S0(@r0)  
<multipole_order n>                    [T/m^n]      [T.m/m^n]        []       |    [T/m^n]      [T.m/m^n]        []      
n=00:                                3.2795e+00    -3.7425e-01   +1.0000e+00  |      ---           ---           ---     
n=01:                                8.0596e-02    +3.1170e+00   -9.9944e-02  |      ---           ---           ---     
n=02:                                2.9127e+02    +3.0867e+00   -1.1876e-03  |      ---           ---           ---     
n=03:                                7.4854e+02    +1.1063e+00   -5.1078e-06  |      ---           ---           ---     
n=04:                                3.2406e+06    +9.1748e+04   -5.0834e-03  |      ---           ---           ---     
n=05:                                4.0904e+07    -8.0426e+05   +5.3473e-04  |      ---           ---           ---     
n=06:                                3.4347e+10    -8.2843e+08   +6.6096e-03  |      ---           ---           ---     
n=07:                                1.0450e+11    +4.9971e+09   -4.7843e-04  |      ---           ---           ---     
n=08:                                1.8324e+14    +1.0247e+13   -1.1773e-02  |      ---           ---           ---     
n=10:                                1.0817e+18    -3.5483e+16   +5.8704e-03  |      ---           ---           ---     
