--- multipoles on reference trajectory (rz > 0) ---
effective_length:                   114.59515028895036 mm
perpendicular_grid:                 41 points in [-10.000000,+10.000000] mm
max_fitting_error_normal            1.063/32639.095 G/G
max_fitting_error_skew              1747.105/1747.105 G/G
r0_for_relative_multipoles          12 mm
main_monomial                       n = 0, skew:False
                                       Nn(s=0)      Integ_Nn     Nn/N0(@r0)   |    Sn(s=0)      Integ_Sn     Sn/S0(@r0)  
<multipole_order n>                    [T/m^n]      [T.m/m^n]        []       |    [T/m^n]      [T.m/m^n]        []      
n=00:                                3.2699e+00    -3.7472e-01   +1.0000e+00  |      ---           ---           ---     
n=01:                                9.2389e-02    +3.1213e+00   -9.9958e-02  |      ---           ---           ---     
n=02:                                2.5900e+02    +4.3491e+00   -1.6713e-03  |      ---           ---           ---     
n=03:                                1.3483e+03    -4.9104e+01   +2.2644e-04  |      ---           ---           ---     
n=04:                                4.5054e+06    +2.3015e+04   -1.2736e-03  |      ---           ---           ---     
n=05:                                9.1820e+06    -2.4916e+05   +1.6545e-04  |      ---           ---           ---     
n=06:                                5.7076e+09    +3.2210e+08   -2.5667e-03  |      ---           ---           ---     
n=07:                                1.8788e+11    -8.2171e+08   +7.8575e-05  |      ---           ---           ---     
n=08:                                6.1690e+14    +1.7370e+12   -1.9931e-03  |      ---           ---           ---     
n=10:                                2.7225e+18    -1.2883e+16   +2.1287e-03  |      ---           ---           ---     
