--- multipoles on reference trajectory (rz > 0) ---
effective_length:                   114.73415891063007 mm
perpendicular_grid:                 41 points in [-10.000000,+10.000000] mm
max_fitting_error_normal            1.140/28963.004 G/G
max_fitting_error_skew              1739.503/1739.503 G/G
r0_for_relative_multipoles          12 mm
main_monomial                       n = 0, skew:False
                                       Nn(s=0)      Integ_Nn     Nn/N0(@r0)   |    Sn(s=0)      Integ_Sn     Sn/S0(@r0)  
<multipole_order n>                    [T/m^n]      [T.m/m^n]        []       |    [T/m^n]      [T.m/m^n]        []      
n=00:                                3.2713e+00    -3.7533e-01   +1.0000e+00  |      ---           ---           ---     
n=01:                                7.6831e-02    +3.1253e+00   -9.9920e-02  |      ---           ---           ---     
n=02:                                2.6088e+02    +3.2502e+00   -1.2470e-03  |      ---           ---           ---     
n=03:                                1.5937e+03    +6.8839e+00   -3.1693e-05  |      ---           ---           ---     
n=04:                                4.4679e+06    +8.9065e+04   -4.9206e-03  |      ---           ---           ---     
n=05:                                1.6229e+07    -9.3893e+05   +6.2247e-04  |      ---           ---           ---     
n=06:                                6.7921e+09    -1.2801e+09   +1.0184e-02  |      ---           ---           ---     
n=07:                                1.2857e+11    +2.4736e+09   -2.3615e-04  |      ---           ---           ---     
n=08:                                6.1446e+14    +1.8172e+13   -2.0818e-02  |      ---           ---           ---     
n=10:                                2.6294e+18    -7.2903e+16   +1.2027e-02  |      ---           ---           ---     
