--- multipoles on reference trajectory (rz > 0) ---
effective_length:                   114.70313002986241 mm
perpendicular_grid:                 41 points in [-10.000000,+10.000000] mm
max_fitting_error_normal            0.998/30292.844 G/G
max_fitting_error_skew              1747.753/1747.753 G/G
r0_for_relative_multipoles          12 mm
main_monomial                       n = 0, skew:False
                                       Nn(s=0)      Integ_Nn     Nn/N0(@r0)   |    Sn(s=0)      Integ_Sn     Sn/S0(@r0)  
<multipole_order n>                    [T/m^n]      [T.m/m^n]        []       |    [T/m^n]      [T.m/m^n]        []      
n=00:                                3.2699e+00    -3.7507e-01   +1.0000e+00  |      ---           ---           ---     
n=01:                                9.2389e-02    +3.1286e+00   -1.0010e-01  |      ---           ---           ---     
n=02:                                2.5900e+02    +3.8224e+00   -1.4675e-03  |      ---           ---           ---     
n=03:                                1.3483e+03    -6.9560e+00   +3.2048e-05  |      ---           ---           ---     
n=04:                                4.5054e+06    +3.7157e+04   -2.0542e-03  |      ---           ---           ---     
n=05:                                9.1820e+06    -8.1517e+05   +5.4081e-04  |      ---           ---           ---     
n=06:                                5.7076e+09    +1.0651e+08   -8.4797e-04  |      ---           ---           ---     
n=07:                                1.8788e+11    +1.9645e+09   -1.8768e-04  |      ---           ---           ---     
n=08:                                6.1690e+14    +3.4136e+12   -3.9134e-03  |      ---           ---           ---     
n=10:                                2.7225e+18    -1.8464e+16   +3.0481e-03  |      ---           ---           ---     
