--- multipoles on reference trajectory (rz > 0) ---
effective_length:                   114.46837433519005 mm
perpendicular_grid:                 41 points in [-10.000000,+10.000000] mm
max_fitting_error_normal            0.767/29398.801 G/G
max_fitting_error_skew              1721.340/1721.340 G/G
r0_for_relative_multipoles          12 mm
main_monomial                       n = 0, skew:False
                                       Nn(s=0)      Integ_Nn     Nn/N0(@r0)   |    Sn(s=0)      Integ_Sn     Sn/S0(@r0)  
<multipole_order n>                    [T/m^n]      [T.m/m^n]        []       |    [T/m^n]      [T.m/m^n]        []      
n=00:                                3.2789e+00    -3.7534e-01   +1.0000e+00  |      ---           ---           ---     
n=01:                                3.5534e-02    +3.1250e+00   -9.9910e-02  |      ---           ---           ---     
n=02:                                2.4790e+02    +3.7801e+00   -1.4503e-03  |      ---           ---           ---     
n=03:                                3.4739e+03    -1.6329e+02   +7.5178e-04  |      ---           ---           ---     
n=04:                                4.5238e+06    +2.0378e+02   -1.1258e-05  |      ---           ---           ---     
n=05:                                2.3553e+07    +1.6608e+06   -1.1011e-03  |      ---           ---           ---     
n=06:                                5.6572e+09    +1.4252e+09   -1.1338e-02  |      ---           ---           ---     
n=07:                                2.4453e+11    -9.8041e+09   +9.3596e-04  |      ---           ---           ---     
n=08:                                3.9233e+14    -1.2958e+13   +1.4844e-02  |      ---           ---           ---     
n=10:                                1.5699e+18    +5.0089e+16   -8.2629e-03  |      ---           ---           ---     
