--- multipoles on reference trajectory (rz > 0) ---
effective_length:                   114.0686076831586 mm
perpendicular_grid:                 41 points in [-10.000000,+10.000000] mm
max_fitting_error_normal            0.572/32510.578 G/G
max_fitting_error_skew              1725.624/1725.624 G/G
r0_for_relative_multipoles          12 mm
main_monomial                       n = 0, skew:False
                                       Nn(s=0)      Integ_Nn     Nn/N0(@r0)   |    Sn(s=0)      Integ_Sn     Sn/S0(@r0)  
<multipole_order n>                    [T/m^n]      [T.m/m^n]        []       |    [T/m^n]      [T.m/m^n]        []      
n=00:                                3.2861e+00    -3.7484e-01   +1.0000e+00  |      ---           ---           ---     
n=01:                                3.6025e-02    +3.1156e+00   -9.9742e-02  |      ---           ---           ---     
n=02:                                2.6790e+02    +3.9772e+00   -1.5279e-03  |      ---           ---           ---     
n=03:                                2.3575e+03    -6.1770e+01   +2.8475e-04  |      ---           ---           ---     
n=04:                                3.7905e+06    +1.6936e+04   -9.3690e-04  |      ---           ---           ---     
n=05:                                3.9895e+07    -7.5336e+05   +5.0010e-04  |      ---           ---           ---     
n=06:                                2.5604e+10    +6.9041e+08   -5.4997e-03  |      ---           ---           ---     
n=07:                                9.3158e+09    +2.2624e+09   -2.1626e-04  |      ---           ---           ---     
n=08:                                2.1424e+14    -3.2856e+12   +3.7689e-03  |      ---           ---           ---     
n=10:                                1.0293e+18    +9.3048e+15   -1.5370e-03  |      ---           ---           ---     
