--- multipoles on reference trajectory (rz > 0) ---
effective_length:                   114.19801719734559 mm
perpendicular_grid:                 41 points in [-10.000000,+10.000000] mm
max_fitting_error_normal            0.683/25885.783 G/G
max_fitting_error_skew              1721.335/1721.335 G/G
r0_for_relative_multipoles          12 mm
main_monomial                       n = 0, skew:False
                                       Nn(s=0)      Integ_Nn     Nn/N0(@r0)   |    Sn(s=0)      Integ_Sn     Sn/S0(@r0)  
<multipole_order n>                    [T/m^n]      [T.m/m^n]        []       |    [T/m^n]      [T.m/m^n]        []      
n=00:                                3.2789e+00    -3.7445e-01   +1.0000e+00  |      ---           ---           ---     
n=01:                                3.5534e-02    +3.1262e+00   -1.0019e-01  |      ---           ---           ---     
n=02:                                2.4790e+02    +3.3367e+00   -1.2832e-03  |      ---           ---           ---     
n=03:                                3.4739e+03    -2.2446e+02   +1.0359e-03  |      ---           ---           ---     
n=04:                                4.5238e+06    +2.9805e+04   -1.6505e-03  |      ---           ---           ---     
n=05:                                2.3553e+07    +2.8232e+06   -1.8761e-03  |      ---           ---           ---     
n=06:                                5.6572e+09    +7.0420e+08   -5.6155e-03  |      ---           ---           ---     
n=07:                                2.4453e+11    -1.5850e+10   +1.5167e-03  |      ---           ---           ---     
n=08:                                3.9233e+14    -5.8835e+12   +6.7561e-03  |      ---           ---           ---     
n=10:                                1.5699e+18    +2.5079e+16   -4.1469e-03  |      ---           ---           ---     
