--- multipoles on reference trajectory (rz > 0) ---
effective_length:                   114.68760177892773 mm
perpendicular_grid:                 41 points in [-10.000000,+10.000000] mm
max_fitting_error_normal            0.634/32280.827 G/G
max_fitting_error_skew              1721.183/1721.183 G/G
r0_for_relative_multipoles          12.0 mm
main_monomial                       n = 0, skew:False
                                       Nn(s=0)      Integ_Nn     Nn/N0(@r0)   |    Sn(s=0)      Integ_Sn     Sn/S0(@r0)  
<multipole_order n>                    [T/m^n]      [T.m/m^n]        []       |    [T/m^n]      [T.m/m^n]        []      
n=00:                                3.2700e+00    -3.7503e-01   +1.0000e+00  |      ---           ---           ---     
n=01:                                1.3173e-02    +3.1236e+00   -9.9949e-02  |      ---           ---           ---     
n=02:                                2.2098e+02    +2.8611e+00   -1.0986e-03  |      ---           ---           ---     
n=03:                                5.6810e+03    -2.6003e+02   +1.1981e-03  |      ---           ---           ---     
n=04:                                5.9845e+06    +6.4977e+04   -3.5927e-03  |      ---           ---           ---     
n=05:                                8.9392e+07    +3.0677e+06   -2.0354e-03  |      ---           ---           ---     
n=06:                                2.9262e+10    -2.6634e+08   +2.1206e-03  |      ---           ---           ---     
n=07:                                4.3081e+11    -1.4654e+10   +1.4001e-03  |      ---           ---           ---     
n=08:                                7.5424e+14    +4.7687e+12   -5.4675e-03  |      ---           ---           ---     
n=10:                                2.9348e+18    -1.5245e+16   +2.5170e-03  |      ---           ---           ---     
