--- multipoles on reference trajectory (rz > 0) ---
effective_length:                   114.45648179703883 mm
perpendicular_grid:                 41 points in [-10.000000,+10.000000] mm
max_fitting_error_normal            0.568/32508.035 G/G
max_fitting_error_skew              1719.497/1719.497 G/G
r0_for_relative_multipoles          12 mm
main_monomial                       n = 0, skew:False
                                       Nn(s=0)      Integ_Nn     Nn/N0(@r0)   |    Sn(s=0)      Integ_Sn     Sn/S0(@r0)  
<multipole_order n>                    [T/m^n]      [T.m/m^n]        []       |    [T/m^n]      [T.m/m^n]        []      
n=00:                                3.2796e+00    -3.7537e-01   +1.0000e+00  |      ---           ---           ---     
n=01:                                4.1812e-02    +3.1205e+00   -9.9759e-02  |      ---           ---           ---     
n=02:                                2.6279e+02    +4.0232e+00   -1.5434e-03  |      ---           ---           ---     
n=03:                                2.2339e+03    -6.5183e+01   +3.0007e-04  |      ---           ---           ---     
n=04:                                4.4436e+06    +3.4994e+04   -1.9331e-03  |      ---           ---           ---     
n=05:                                4.8125e+06    -3.7082e+05   +2.4582e-04  |      ---           ---           ---     
n=06:                                5.2491e+09    +1.0747e+08   -8.5491e-04  |      ---           ---           ---     
n=07:                                1.8229e+11    -6.7177e+08   +6.4126e-05  |      ---           ---           ---     
n=08:                                6.3305e+14    +4.2623e+12   -4.8825e-03  |      ---           ---           ---     
n=10:                                2.8184e+18    -2.3527e+16   +3.8808e-03  |      ---           ---           ---     
