--- multipoles on reference trajectory (rz > 0) ---
effective_length:                   114.36589979114738 mm
perpendicular_grid:                 41 points in [-10.000000,+10.000000] mm
max_fitting_error_normal            0.902/32523.088 G/G
max_fitting_error_skew              1730.309/1730.309 G/G
r0_for_relative_multipoles          12.0 mm
main_monomial                       n = 0, skew:False
                                       Nn(s=0)      Integ_Nn     Nn/N0(@r0)   |    Sn(s=0)      Integ_Sn     Sn/S0(@r0)  
<multipole_order n>                    [T/m^n]      [T.m/m^n]        []       |    [T/m^n]      [T.m/m^n]        []      
n=00:                                3.2788e+00    -3.7498e-01   +1.0000e+00  |      ---           ---           ---     
n=01:                                1.1284e-01    +3.1265e+00   -1.0005e-01  |      ---           ---           ---     
n=02:                                2.5817e+02    +1.9378e+00   -7.4415e-04  |      ---           ---           ---     
n=03:                                3.7485e+03    +3.6828e+01   -1.6971e-04  |      ---           ---           ---     
n=04:                                4.5478e+06    +1.2107e+05   -6.6950e-03  |      ---           ---           ---     
n=05:                                2.9621e+07    -1.8106e+06   +1.2015e-03  |      ---           ---           ---     
n=06:                                7.6104e+09    -1.2016e+09   +9.5682e-03  |      ---           ---           ---     
n=07:                                1.4148e+11    +9.8668e+09   -9.4284e-04  |      ---           ---           ---     
n=08:                                4.4278e+14    +1.3093e+13   -1.5013e-02  |      ---           ---           ---     
n=10:                                2.0340e+18    -4.4980e+16   +7.4271e-03  |      ---           ---           ---     
