--- multipoles on reference trajectory (rz > 0) ---
effective_length:                   113.974132874941 mm
perpendicular_grid:                 41 points in [-10.000000,+10.000000] mm
max_fitting_error_normal            0.768/31616.751 G/G
max_fitting_error_skew              1735.620/1735.620 G/G
r0_for_relative_multipoles          12 mm
main_monomial                       n = 0, skew:False
                                       Nn(s=0)      Integ_Nn     Nn/N0(@r0)   |    Sn(s=0)      Integ_Sn     Sn/S0(@r0)  
<multipole_order n>                    [T/m^n]      [T.m/m^n]        []       |    [T/m^n]      [T.m/m^n]        []      
n=00:                                3.2872e+00    -3.7466e-01   +1.0000e+00  |      ---           ---           ---     
n=01:                                1.1070e-02    +3.1195e+00   -9.9914e-02  |      ---           ---           ---     
n=02:                                2.3066e+02    +2.1802e+00   -8.3795e-04  |      ---           ---           ---     
n=03:                                4.2418e+02    -1.1918e+02   +5.4967e-04  |      ---           ---           ---     
n=04:                                5.3487e+06    +1.0205e+05   -5.6484e-03  |      ---           ---           ---     
n=05:                                1.7351e+07    +7.8304e+05   -5.2006e-04  |      ---           ---           ---     
n=06:                                1.6716e+10    -9.0801e+08   +7.2368e-03  |      ---           ---           ---     
n=07:                                2.1362e+10    -4.3672e+09   +4.1768e-04  |      ---           ---           ---     
n=08:                                6.5368e+14    +9.6750e+12   -1.1104e-02  |      ---           ---           ---     
n=10:                                2.6071e+18    -2.9347e+16   +4.8501e-03  |      ---           ---           ---     
