--- multipoles on reference trajectory (rz > 0) ---
effective_length:                   114.31652144677396 mm
perpendicular_grid:                 41 points in [-10.000000,+10.000000] mm
max_fitting_error_normal            0.654/32624.560 G/G
max_fitting_error_skew              1731.198/1731.198 G/G
r0_for_relative_multipoles          12 mm
main_monomial                       n = 0, skew:False
                                       Nn(s=0)      Integ_Nn     Nn/N0(@r0)   |    Sn(s=0)      Integ_Sn     Sn/S0(@r0)  
<multipole_order n>                    [T/m^n]      [T.m/m^n]        []       |    [T/m^n]      [T.m/m^n]        []      
n=00:                                3.2826e+00    -3.7526e-01   +1.0000e+00  |      ---           ---           ---     
n=01:                                1.2474e-02    +3.1202e+00   -9.9778e-02  |      ---           ---           ---     
n=02:                                3.0439e+02    +4.3661e+00   -1.6754e-03  |      ---           ---           ---     
n=03:                                6.2177e+02    +5.8320e+01   -2.6856e-04  |      ---           ---           ---     
n=04:                                3.3974e+06    +4.7545e+04   -2.6273e-03  |      ---           ---           ---     
n=05:                                1.7976e+06    -1.7687e+06   +1.1728e-03  |      ---           ---           ---     
n=06:                                1.7350e+10    -4.4230e+08   +3.5194e-03  |      ---           ---           ---     
n=07:                                1.2137e+11    +6.1849e+09   -5.9057e-04  |      ---           ---           ---     
n=08:                                4.4329e+14    +1.1649e+13   -1.3348e-02  |      ---           ---           ---     
n=10:                                2.1966e+18    -5.4617e+16   +9.0118e-03  |      ---           ---           ---     
