--- multipoles on reference trajectory (rz > 0) ---
effective_length:                   114.40175070179612 mm
perpendicular_grid:                 41 points in [-10.000000,+10.000000] mm
max_fitting_error_normal            0.491/32280.397 G/G
max_fitting_error_skew              1728.294/1728.294 G/G
r0_for_relative_multipoles          12.0 mm
main_monomial                       n = 0, skew:False
                                       Nn(s=0)      Integ_Nn     Nn/N0(@r0)   |    Sn(s=0)      Integ_Sn     Sn/S0(@r0)  
<multipole_order n>                    [T/m^n]      [T.m/m^n]        []       |    [T/m^n]      [T.m/m^n]        []      
n=00:                                3.2758e+00    -3.7475e-01   +1.0000e+00  |      ---           ---           ---     
n=01:                                5.7831e-02    +3.1204e+00   -9.9917e-02  |      ---           ---           ---     
n=02:                                2.6532e+02    +3.8879e+00   -1.4940e-03  |      ---           ---           ---     
n=03:                                2.4971e+03    -6.3645e+01   +2.9347e-04  |      ---           ---           ---     
n=04:                                4.1623e+06    +2.8403e+04   -1.5716e-03  |      ---           ---           ---     
n=05:                                6.6756e+05    -3.4958e+05   +2.3212e-04  |      ---           ---           ---     
n=06:                                6.0998e+09    +3.0245e+08   -2.4099e-03  |      ---           ---           ---     
n=07:                                1.3205e+11    +6.5465e+08   -6.2594e-05  |      ---           ---           ---     
n=08:                                4.6452e+14    +1.1279e+12   -1.2941e-03  |      ---           ---           ---     
n=10:                                2.0234e+18    -7.2929e+15   +1.2049e-03  |      ---           ---           ---     
