--- multipoles on reference trajectory (rz > 0) ---
effective_length:                   114.39051380682369 mm
perpendicular_grid:                 41 points in [-10.000000,+10.000000] mm
max_fitting_error_normal            0.635/32725.687 G/G
max_fitting_error_skew              1740.534/1740.534 G/G
r0_for_relative_multipoles          12.0 mm
main_monomial                       n = 0, skew:False
                                       Nn(s=0)      Integ_Nn     Nn/N0(@r0)   |    Sn(s=0)      Integ_Sn     Sn/S0(@r0)  
<multipole_order n>                    [T/m^n]      [T.m/m^n]        []       |    [T/m^n]      [T.m/m^n]        []      
n=00:                                3.2784e+00    -3.7502e-01   +1.0000e+00  |      ---           ---           ---     
n=01:                                1.4570e-02    +3.1266e+00   -1.0005e-01  |      ---           ---           ---     
n=02:                                2.8195e+02    +4.2112e+00   -1.6170e-03  |      ---           ---           ---     
n=03:                                2.2537e+03    -6.5918e+01   +3.0374e-04  |      ---           ---           ---     
n=04:                                2.8780e+06    -4.3486e+03   +2.4045e-04  |      ---           ---           ---     
n=05:                                3.4933e+07    +1.7892e+05   -1.1872e-04  |      ---           ---           ---     
n=06:                                4.1375e+10    +1.4234e+09   -1.1333e-02  |      ---           ---           ---     
n=07:                                2.5880e+11    -1.4402e+09   +1.3760e-04  |      ---           ---           ---     
n=08:                                9.5452e+13    -1.1824e+13   +1.3557e-02  |      ---           ---           ---     
n=10:                                7.2045e+17    +4.1897e+16   -6.9173e-03  |      ---           ---           ---     
