--- multipoles on reference trajectory (rz > 0) ---
effective_length:                   114.07593030646676 mm
perpendicular_grid:                 41 points in [-10.000000,+10.000000] mm
max_fitting_error_normal            0.573/32510.585 G/G
max_fitting_error_skew              1725.624/1725.624 G/G
r0_for_relative_multipoles          12.0 mm
main_monomial                       n = 0, skew:False
                                       Nn(s=0)      Integ_Nn     Nn/N0(@r0)   |    Sn(s=0)      Integ_Sn     Sn/S0(@r0)  
<multipole_order n>                    [T/m^n]      [T.m/m^n]        []       |    [T/m^n]      [T.m/m^n]        []      
n=00:                                3.2861e+00    -3.7487e-01   +1.0000e+00  |      ---           ---           ---     
n=01:                                3.5973e-02    +3.1157e+00   -9.9739e-02  |      ---           ---           ---     
n=02:                                2.6790e+02    +3.9807e+00   -1.5291e-03  |      ---           ---           ---     
n=03:                                2.3585e+03    -6.1365e+01   +2.8287e-04  |      ---           ---           ---     
n=04:                                3.7905e+06    +1.6779e+04   -9.2815e-04  |      ---           ---           ---     
n=05:                                3.9923e+07    -7.6185e+05   +5.0571e-04  |      ---           ---           ---     
n=06:                                2.5605e+10    +6.9416e+08   -5.5293e-03  |      ---           ---           ---     
n=07:                                9.2727e+09    +2.3062e+09   -2.2044e-04  |      ---           ---           ---     
n=08:                                2.1423e+14    -3.3203e+12   +3.8085e-03  |      ---           ---           ---     
n=10:                                1.0292e+18    +9.4139e+15   -1.5549e-03  |      ---           ---           ---     
