--- multipoles on reference trajectory (rz > 0) ---
effective_length:                   114.69191065528521 mm
perpendicular_grid:                 41 points in [-10.000000,+10.000000] mm
max_fitting_error_normal            0.634/32280.844 G/G
max_fitting_error_skew              1721.183/1721.183 G/G
r0_for_relative_multipoles          12 mm
main_monomial                       n = 0, skew:False
                                       Nn(s=0)      Integ_Nn     Nn/N0(@r0)   |    Sn(s=0)      Integ_Sn     Sn/S0(@r0)  
<multipole_order n>                    [T/m^n]      [T.m/m^n]        []       |    [T/m^n]      [T.m/m^n]        []      
n=00:                                3.2700e+00    -3.7504e-01   +1.0000e+00  |      ---           ---           ---     
n=01:                                1.3221e-02    +3.1236e+00   -9.9943e-02  |      ---           ---           ---     
n=02:                                2.2098e+02    +2.8627e+00   -1.0991e-03  |      ---           ---           ---     
n=03:                                5.6798e+03    -2.6034e+02   +1.1995e-03  |      ---           ---           ---     
n=04:                                5.9845e+06    +6.4967e+04   -3.5920e-03  |      ---           ---           ---     
n=05:                                8.9416e+07    +3.0749e+06   -2.0401e-03  |      ---           ---           ---     
n=06:                                2.9263e+10    -2.6567e+08   +2.1152e-03  |      ---           ---           ---     
n=07:                                4.3082e+11    -1.4689e+10   +1.4034e-03  |      ---           ---           ---     
n=08:                                7.5425e+14    +4.7575e+12   -5.4544e-03  |      ---           ---           ---     
n=10:                                2.9348e+18    -1.5193e+16   +2.5082e-03  |      ---           ---           ---     
