--- multipoles on reference trajectory (rz > 0) ---
effective_length:                   114.33159180073167 mm
perpendicular_grid:                 41 points in [-10.000000,+10.000000] mm
max_fitting_error_normal            0.676/29832.209 G/G
max_fitting_error_skew              1740.180/1740.180 G/G
r0_for_relative_multipoles          12 mm
main_monomial                       n = 0, skew:False
                                       Nn(s=0)      Integ_Nn     Nn/N0(@r0)   |    Sn(s=0)      Integ_Sn     Sn/S0(@r0)  
<multipole_order n>                    [T/m^n]      [T.m/m^n]        []       |    [T/m^n]      [T.m/m^n]        []      
n=00:                                3.2784e+00    -3.7482e-01   +1.0000e+00  |      ---           ---           ---     
n=01:                                1.4517e-02    +3.1293e+00   -1.0018e-01  |      ---           ---           ---     
n=02:                                2.8195e+02    +4.6629e+00   -1.7914e-03  |      ---           ---           ---     
n=03:                                2.2529e+03    -9.2763e+01   +4.2765e-04  |      ---           ---           ---     
n=04:                                2.8781e+06    -3.0911e+04   +1.7101e-03  |      ---           ---           ---     
n=05:                                3.4965e+07    +7.2714e+05   -4.8272e-04  |      ---           ---           ---     
n=06:                                4.1372e+10    +1.9428e+09   -1.5477e-02  |      ---           ---           ---     
n=07:                                2.5887e+11    -4.7815e+09   +4.5709e-04  |      ---           ---           ---     
n=08:                                9.5487e+13    -1.6246e+13   +1.8637e-02  |      ---           ---           ---     
n=10:                                7.2061e+17    +5.5722e+16   -9.2046e-03  |      ---           ---           ---     
