--- multipoles on reference trajectory (rz > 0) ---
effective_length:                   114.4101315123921 mm
perpendicular_grid:                 41 points in [-10.000000,+10.000000] mm
max_fitting_error_normal            0.741/32654.414 G/G
max_fitting_error_skew              1755.197/1755.197 G/G
r0_for_relative_multipoles          12 mm
main_monomial                       n = 0, skew:False
                                       Nn(s=0)      Integ_Nn     Nn/N0(@r0)   |    Sn(s=0)      Integ_Sn     Sn/S0(@r0)  
<multipole_order n>                    [T/m^n]      [T.m/m^n]        []       |    [T/m^n]      [T.m/m^n]        []      
n=00:                                3.2759e+00    -3.7479e-01   +1.0000e+00  |      ---           ---           ---     
n=01:                                1.5844e-02    +3.1216e+00   -9.9946e-02  |      ---           ---           ---     
n=02:                                2.8198e+02    +4.3232e+00   -1.6610e-03  |      ---           ---           ---     
n=03:                                3.9896e+03    -1.8051e+02   +8.3225e-04  |      ---           ---           ---     
n=04:                                3.9814e+06    +6.0311e+04   -3.3368e-03  |      ---           ---           ---     
n=05:                                1.3804e+07    +1.6975e+06   -1.1270e-03  |      ---           ---           ---     
n=06:                                2.2194e+10    -6.0143e+08   +4.7917e-03  |      ---           ---           ---     
n=07:                                2.1757e+11    -9.6993e+09   +9.2730e-04  |      ---           ---           ---     
n=08:                                2.6089e+14    +1.1170e+13   -1.2815e-02  |      ---           ---           ---     
n=10:                                1.2331e+18    -4.5863e+16   +7.5768e-03  |      ---           ---           ---     
