--- multipoles on reference trajectory (rz > 0) ---
effective_length:                   114.40794098255454 mm
perpendicular_grid:                 41 points in [-10.000000,+10.000000] mm
max_fitting_error_normal            0.491/32280.402 G/G
max_fitting_error_skew              1728.294/1728.294 G/G
r0_for_relative_multipoles          12 mm
main_monomial                       n = 0, skew:False
                                       Nn(s=0)      Integ_Nn     Nn/N0(@r0)   |    Sn(s=0)      Integ_Sn     Sn/S0(@r0)  
<multipole_order n>                    [T/m^n]      [T.m/m^n]        []       |    [T/m^n]      [T.m/m^n]        []      
n=00:                                3.2758e+00    -3.7477e-01   +1.0000e+00  |      ---           ---           ---     
n=01:                                5.7885e-02    +3.1203e+00   -9.9909e-02  |      ---           ---           ---     
n=02:                                2.6532e+02    +3.8858e+00   -1.4930e-03  |      ---           ---           ---     
n=03:                                2.4963e+03    -6.3562e+01   +2.9307e-04  |      ---           ---           ---     
n=04:                                4.1624e+06    +2.8670e+04   -1.5863e-03  |      ---           ---           ---     
n=05:                                6.3598e+05    -3.5098e+05   +2.3304e-04  |      ---           ---           ---     
n=06:                                6.0993e+09    +2.9543e+08   -2.3538e-03  |      ---           ---           ---     
n=07:                                1.3211e+11    +6.7009e+08   -6.4067e-05  |      ---           ---           ---     
n=08:                                4.6452e+14    +1.2035e+12   -1.3808e-03  |      ---           ---           ---     
n=10:                                2.0235e+18    -7.5795e+15   +1.2522e-03  |      ---           ---           ---     
