--- multipoles on reference trajectory (rz > 0) ---
effective_length:                   113.97413073318448 mm
perpendicular_grid:                 41 points in [-10.000000,+10.000000] mm
max_fitting_error_normal            0.768/31616.766 G/G
max_fitting_error_skew              1735.620/1735.620 G/G
r0_for_relative_multipoles          12.0 mm
main_monomial                       n = 0, skew:False
                                       Nn(s=0)      Integ_Nn     Nn/N0(@r0)   |    Sn(s=0)      Integ_Sn     Sn/S0(@r0)  
<multipole_order n>                    [T/m^n]      [T.m/m^n]        []       |    [T/m^n]      [T.m/m^n]        []      
n=00:                                3.2872e+00    -3.7466e-01   +1.0000e+00  |      ---           ---           ---     
n=01:                                1.1021e-02    +3.1196e+00   -9.9917e-02  |      ---           ---           ---     
n=02:                                2.3065e+02    +2.1809e+00   -8.3824e-04  |      ---           ---           ---     
n=03:                                4.2316e+02    -1.1966e+02   +5.5190e-04  |      ---           ---           ---     
n=04:                                5.3488e+06    +1.0203e+05   -5.6468e-03  |      ---           ---           ---     
n=05:                                1.7378e+07    +7.9103e+05   -5.2537e-04  |      ---           ---           ---     
n=06:                                1.6719e+10    -9.0731e+08   +7.2312e-03  |      ---           ---           ---     
n=07:                                2.1394e+10    -4.4110e+09   +4.2186e-04  |      ---           ---           ---     
n=08:                                6.5371e+14    +9.6663e+12   -1.1094e-02  |      ---           ---           ---     
n=10:                                2.6072e+18    -2.9310e+16   +4.8439e-03  |      ---           ---           ---     
