--- multipoles on reference trajectory (rz > 0) ---
effective_length:                   114.21945201959052 mm
perpendicular_grid:                 41 points in [-10.000000,+10.000000] mm
max_fitting_error_normal            0.685/32738.572 G/G
max_fitting_error_skew              1722.263/1722.263 G/G
r0_for_relative_multipoles          12.0 mm
main_monomial                       n = 0, skew:False
                                       Nn(s=0)      Integ_Nn     Nn/N0(@r0)   |    Sn(s=0)      Integ_Sn     Sn/S0(@r0)  
<multipole_order n>                    [T/m^n]      [T.m/m^n]        []       |    [T/m^n]      [T.m/m^n]        []      
n=00:                                3.2794e+00    -3.7457e-01   +1.0000e+00  |      ---           ---           ---     
n=01:                                5.2856e-02    +3.1221e+00   -1.0002e-01  |      ---           ---           ---     
n=02:                                2.7669e+02    +4.2962e+00   -1.6516e-03  |      ---           ---           ---     
n=03:                                2.6822e+03    -8.1657e+01   +3.7671e-04  |      ---           ---           ---     
n=04:                                3.5953e+06    +3.9040e+03   -2.1613e-04  |      ---           ---           ---     
n=05:                                4.3951e+04    -2.9296e+05   +1.9462e-04  |      ---           ---           ---     
n=06:                                2.0844e+10    +1.0607e+09   -8.4559e-03  |      ---           ---           ---     
n=07:                                1.7521e+11    +6.5243e+08   -6.2413e-05  |      ---           ---           ---     
n=08:                                3.0881e+14    -7.7699e+12   +8.9194e-03  |      ---           ---           ---     
n=10:                                1.4765e+18    +2.7137e+16   -4.4859e-03  |      ---           ---           ---     
