--- multipoles on reference trajectory (rz > 0) ---
effective_length:                   114.45360345325963 mm
perpendicular_grid:                 41 points in [-10.000000,+10.000000] mm
max_fitting_error_normal            0.911/29443.631 G/G
max_fitting_error_skew              1755.127/1755.127 G/G
r0_for_relative_multipoles          12.0 mm
main_monomial                       n = 0, skew:False
                                       Nn(s=0)      Integ_Nn     Nn/N0(@r0)   |    Sn(s=0)      Integ_Sn     Sn/S0(@r0)  
<multipole_order n>                    [T/m^n]      [T.m/m^n]        []       |    [T/m^n]      [T.m/m^n]        []      
n=00:                                3.2759e+00    -3.7493e-01   +1.0000e+00  |      ---           ---           ---     
n=01:                                1.5790e-02    +3.1299e+00   -1.0017e-01  |      ---           ---           ---     
n=02:                                2.8198e+02    +3.9507e+00   -1.5173e-03  |      ---           ---           ---     
n=03:                                3.9906e+03    -1.8284e+01   +8.4267e-05  |      ---           ---           ---     
n=04:                                3.9816e+06    +5.3685e+04   -2.9691e-03  |      ---           ---           ---     
n=05:                                1.3774e+07    -7.1069e+05   +4.7166e-04  |      ---           ---           ---     
n=06:                                2.2190e+10    -6.3273e+07   +5.0391e-04  |      ---           ---           ---     
n=07:                                2.1751e+11    +7.5825e+08   -7.2465e-05  |      ---           ---           ---     
n=08:                                2.6094e+14    +3.3197e+12   -3.8071e-03  |      ---           ---           ---     
n=10:                                1.2333e+18    -1.1940e+16   +1.9719e-03  |      ---           ---           ---     
