--- multipoles on reference trajectory (rz > 0) ---
effective_length:                   114.38983003796854 mm
perpendicular_grid:                 41 points in [-10.000000,+10.000000] mm
max_fitting_error_normal            0.635/32725.690 G/G
max_fitting_error_skew              1740.534/1740.534 G/G
r0_for_relative_multipoles          12 mm
main_monomial                       n = 0, skew:False
                                       Nn(s=0)      Integ_Nn     Nn/N0(@r0)   |    Sn(s=0)      Integ_Sn     Sn/S0(@r0)  
<multipole_order n>                    [T/m^n]      [T.m/m^n]        []       |    [T/m^n]      [T.m/m^n]        []      
n=00:                                3.2784e+00    -3.7502e-01   +1.0000e+00  |      ---           ---           ---     
n=01:                                1.4517e-02    +3.1265e+00   -1.0004e-01  |      ---           ---           ---     
n=02:                                2.8195e+02    +4.2115e+00   -1.6171e-03  |      ---           ---           ---     
n=03:                                2.2529e+03    -6.5686e+01   +3.0267e-04  |      ---           ---           ---     
n=04:                                2.8781e+06    -4.3285e+03   +2.3934e-04  |      ---           ---           ---     
n=05:                                3.4965e+07    +1.7583e+05   -1.1667e-04  |      ---           ---           ---     
n=06:                                4.1372e+10    +1.4231e+09   -1.1331e-02  |      ---           ---           ---     
n=07:                                2.5887e+11    -1.4223e+09   +1.3590e-04  |      ---           ---           ---     
n=08:                                9.5487e+13    -1.1826e+13   +1.3560e-02  |      ---           ---           ---     
n=10:                                7.2061e+17    +4.1929e+16   -6.9228e-03  |      ---           ---           ---     
