--- multipoles on reference trajectory (rz > 0) ---
effective_length:                   114.12509105558057 mm
perpendicular_grid:                 41 points in [-10.000000,+10.000000] mm
max_fitting_error_normal            0.741/32582.045 G/G
max_fitting_error_skew              1735.405/1735.405 G/G
r0_for_relative_multipoles          12.0 mm
main_monomial                       n = 0, skew:False
                                       Nn(s=0)      Integ_Nn     Nn/N0(@r0)   |    Sn(s=0)      Integ_Sn     Sn/S0(@r0)  
<multipole_order n>                    [T/m^n]      [T.m/m^n]        []       |    [T/m^n]      [T.m/m^n]        []      
n=00:                                3.2872e+00    -3.7515e-01   +1.0000e+00  |      ---           ---           ---     
n=01:                                1.1021e-02    +3.1308e+00   -1.0014e-01  |      ---           ---           ---     
n=02:                                2.3065e+02    +2.4996e+00   -9.5945e-04  |      ---           ---           ---     
n=03:                                4.2316e+02    -8.4582e-01   +3.8959e-06  |      ---           ---           ---     
n=04:                                5.3488e+06    +9.1915e+04   -5.0805e-03  |      ---           ---           ---     
n=05:                                1.7378e+07    -1.0070e+06   +6.6794e-04  |      ---           ---           ---     
n=06:                                1.6719e+10    -9.1515e+08   +7.2840e-03  |      ---           ---           ---     
n=07:                                2.1394e+10    +3.9224e+09   -3.7464e-04  |      ---           ---           ---     
n=08:                                6.5371e+14    +1.1372e+13   -1.3035e-02  |      ---           ---           ---     
n=10:                                2.6072e+18    -3.9657e+16   +6.5452e-03  |      ---           ---           ---     
