--- multipoles on reference trajectory (rz > 0) ---
effective_length:                   114.09774363591053 mm
perpendicular_grid:                 41 points in [-10.000000,+10.000000] mm
max_fitting_error_normal            0.694/32600.674 G/G
max_fitting_error_skew              1731.584/1731.584 G/G
r0_for_relative_multipoles          12.0 mm
main_monomial                       n = 0, skew:False
                                       Nn(s=0)      Integ_Nn     Nn/N0(@r0)   |    Sn(s=0)      Integ_Sn     Sn/S0(@r0)  
<multipole_order n>                    [T/m^n]      [T.m/m^n]        []       |    [T/m^n]      [T.m/m^n]        []      
n=00:                                3.2826e+00    -3.7454e-01   +1.0000e+00  |      ---           ---           ---     
n=01:                                1.2535e-02    +3.1299e+00   -1.0028e-01  |      ---           ---           ---     
n=02:                                3.0439e+02    +4.3940e+00   -1.6894e-03  |      ---           ---           ---     
n=03:                                6.2224e+02    +4.0163e+01   -1.8530e-04  |      ---           ---           ---     
n=04:                                3.3974e+06    +3.7720e+04   -2.0883e-03  |      ---           ---           ---     
n=05:                                1.8372e+06    -1.8925e+06   +1.2573e-03  |      ---           ---           ---     
n=06:                                1.7348e+10    -2.4332e+08   +1.9398e-03  |      ---           ---           ---     
n=07:                                1.2127e+11    +8.1717e+09   -7.8178e-04  |      ---           ---           ---     
n=08:                                4.4332e+14    +9.7273e+12   -1.1167e-02  |      ---           ---           ---     
n=10:                                2.1967e+18    -4.7482e+16   +7.8495e-03  |      ---           ---           ---     
