--- multipoles on reference trajectory (rz > 0) ---
effective_length:                   114.22580535228357 mm
perpendicular_grid:                 41 points in [-10.000000,+10.000000] mm
max_fitting_error_normal            0.685/32738.575 G/G
max_fitting_error_skew              1722.263/1722.263 G/G
r0_for_relative_multipoles          12 mm
main_monomial                       n = 0, skew:False
                                       Nn(s=0)      Integ_Nn     Nn/N0(@r0)   |    Sn(s=0)      Integ_Sn     Sn/S0(@r0)  
<multipole_order n>                    [T/m^n]      [T.m/m^n]        []       |    [T/m^n]      [T.m/m^n]        []      
n=00:                                3.2794e+00    -3.7459e-01   +1.0000e+00  |      ---           ---           ---     
n=01:                                5.2910e-02    +3.1220e+00   -1.0001e-01  |      ---           ---           ---     
n=02:                                2.7669e+02    +4.2934e+00   -1.6505e-03  |      ---           ---           ---     
n=03:                                2.6814e+03    -8.1577e+01   +3.7632e-04  |      ---           ---           ---     
n=04:                                3.5954e+06    +4.1377e+03   -2.2905e-04  |      ---           ---           ---     
n=05:                                7.5481e+04    -2.9356e+05   +1.9501e-04  |      ---           ---           ---     
n=06:                                2.0840e+10    +1.0554e+09   -8.4129e-03  |      ---           ---           ---     
n=07:                                1.7527e+11    +6.5917e+08   -6.3054e-05  |      ---           ---           ---     
n=08:                                3.0885e+14    -7.7168e+12   +8.8580e-03  |      ---           ---           ---     
n=10:                                1.4767e+18    +2.6946e+16   -4.4540e-03  |      ---           ---           ---     
