--- multipoles on reference trajectory (rz > 0) ---
effective_length:                   114.29999818077334 mm
perpendicular_grid:                 41 points in [-10.000000,+10.000000] mm
max_fitting_error_normal            0.902/32523.088 G/G
max_fitting_error_skew              1730.230/1730.230 G/G
r0_for_relative_multipoles          12.0 mm
main_monomial                       n = 0, skew:False
                                       Nn(s=0)      Integ_Nn     Nn/N0(@r0)   |    Sn(s=0)      Integ_Sn     Sn/S0(@r0)  
<multipole_order n>                    [T/m^n]      [T.m/m^n]        []       |    [T/m^n]      [T.m/m^n]        []      
n=00:                                3.2788e+00    -3.7476e-01   +1.0000e+00  |      ---           ---           ---     
n=01:                                1.1284e-01    +3.1319e+00   -1.0028e-01  |      ---           ---           ---     
n=02:                                2.5817e+02    +2.0973e+00   -8.0585e-04  |      ---           ---           ---     
n=03:                                3.7485e+03    -7.4285e+01   +3.4252e-04  |      ---           ---           ---     
n=04:                                4.5478e+06    +1.1053e+05   -6.1154e-03  |      ---           ---           ---     
n=05:                                2.9621e+07    +2.6997e+05   -1.7925e-04  |      ---           ---           ---     
n=06:                                7.6104e+09    -1.1245e+09   +8.9595e-03  |      ---           ---           ---     
n=07:                                1.4148e+11    -7.6576e+08   +7.3216e-05  |      ---           ---           ---     
n=08:                                4.4278e+14    +1.3841e+13   -1.5880e-02  |      ---           ---           ---     
n=10:                                2.0340e+18    -5.1931e+16   +8.5799e-03  |      ---           ---           ---     
