--- multipoles on reference trajectory (rz > 0) ---
effective_length:                   114.19298218089162 mm
perpendicular_grid:                 41 points in [-10.000000,+10.000000] mm
max_fitting_error_normal            0.683/25885.775 G/G
max_fitting_error_skew              1721.335/1721.335 G/G
r0_for_relative_multipoles          12.0 mm
main_monomial                       n = 0, skew:False
                                       Nn(s=0)      Integ_Nn     Nn/N0(@r0)   |    Sn(s=0)      Integ_Sn     Sn/S0(@r0)  
<multipole_order n>                    [T/m^n]      [T.m/m^n]        []       |    [T/m^n]      [T.m/m^n]        []      
n=00:                                3.2789e+00    -3.7443e-01   +1.0000e+00  |      ---           ---           ---     
n=01:                                3.5584e-02    +3.1263e+00   -1.0019e-01  |      ---           ---           ---     
n=02:                                2.4790e+02    +3.3383e+00   -1.2838e-03  |      ---           ---           ---     
n=03:                                3.4750e+03    -2.2452e+02   +1.0362e-03  |      ---           ---           ---     
n=04:                                4.5238e+06    +2.9584e+04   -1.6383e-03  |      ---           ---           ---     
n=05:                                2.3527e+07    +2.8239e+06   -1.8766e-03  |      ---           ---           ---     
n=06:                                5.6592e+09    +7.1063e+08   -5.6671e-03  |      ---           ---           ---     
n=07:                                2.4450e+11    -1.5858e+10   +1.5176e-03  |      ---           ---           ---     
n=08:                                3.9231e+14    -5.9576e+12   +6.8415e-03  |      ---           ---           ---     
n=10:                                1.5698e+18    +2.5372e+16   -4.1956e-03  |      ---           ---           ---     
