--- multipoles on reference trajectory (rz > 0) ---
effective_length:                   114.26064544946875 mm
perpendicular_grid:                 41 points in [-10.000000,+10.000000] mm
max_fitting_error_normal            0.524/29284.985 G/G
max_fitting_error_skew              1732.433/1732.433 G/G
r0_for_relative_multipoles          12.0 mm
main_monomial                       n = 0, skew:False
                                       Nn(s=0)      Integ_Nn     Nn/N0(@r0)   |    Sn(s=0)      Integ_Sn     Sn/S0(@r0)  
<multipole_order n>                    [T/m^n]      [T.m/m^n]        []       |    [T/m^n]      [T.m/m^n]        []      
n=00:                                3.2848e+00    -3.7533e-01   +1.0000e+00  |      ---           ---           ---     
n=01:                                6.7612e-03    +3.1334e+00   -1.0018e-01  |      ---           ---           ---     
n=02:                                2.1310e+02    +3.6898e+00   -1.4157e-03  |      ---           ---           ---     
n=03:                                4.1206e+03    -2.8298e+02   +1.3028e-03  |      ---           ---           ---     
n=04:                                5.3704e+06    +1.2376e+04   -6.8376e-04  |      ---           ---           ---     
n=05:                                6.7591e+07    +3.6340e+06   -2.4092e-03  |      ---           ---           ---     
n=06:                                1.4209e+10    +5.7639e+08   -4.5856e-03  |      ---           ---           ---     
n=07:                                4.9770e+11    -1.9750e+10   +1.8855e-03  |      ---           ---           ---     
n=08:                                6.1178e+14    -8.5327e+11   +9.7753e-04  |      ---           ---           ---     
n=10:                                2.4043e+18    -1.8279e+15   +3.0155e-04  |      ---           ---           ---     
