--- multipoles on reference trajectory (rz > 0) ---
effective_length:                   114.33166078134413 mm
perpendicular_grid:                 41 points in [-10.000000,+10.000000] mm
max_fitting_error_normal            0.676/29832.275 G/G
max_fitting_error_skew              1740.180/1740.180 G/G
r0_for_relative_multipoles          12.0 mm
main_monomial                       n = 0, skew:False
                                       Nn(s=0)      Integ_Nn     Nn/N0(@r0)   |    Sn(s=0)      Integ_Sn     Sn/S0(@r0)  
<multipole_order n>                    [T/m^n]      [T.m/m^n]        []       |    [T/m^n]      [T.m/m^n]        []      
n=00:                                3.2784e+00    -3.7483e-01   +1.0000e+00  |      ---           ---           ---     
n=01:                                1.4570e-02    +3.1294e+00   -1.0019e-01  |      ---           ---           ---     
n=02:                                2.8195e+02    +4.6625e+00   -1.7912e-03  |      ---           ---           ---     
n=03:                                2.2537e+03    -9.3083e+01   +4.2913e-04  |      ---           ---           ---     
n=04:                                2.8780e+06    -3.0761e+04   +1.7017e-03  |      ---           ---           ---     
n=05:                                3.4933e+07    +7.2877e+05   -4.8380e-04  |      ---           ---           ---     
n=06:                                4.1375e+10    +1.9368e+09   -1.5430e-02  |      ---           ---           ---     
n=07:                                2.5880e+11    -4.7793e+09   +4.5688e-04  |      ---           ---           ---     
n=08:                                9.5452e+13    -1.6168e+13   +1.8548e-02  |      ---           ---           ---     
n=10:                                7.2045e+17    +5.5390e+16   -9.1499e-03  |      ---           ---           ---     
