--- multipoles on reference trajectory (rz > 0) ---
effective_length:                   114.08675757517115 mm
perpendicular_grid:                 41 points in [-10.000000,+10.000000] mm
max_fitting_error_normal            0.575/32411.890 G/G
max_fitting_error_skew              1726.391/1726.391 G/G
r0_for_relative_multipoles          12 mm
main_monomial                       n = 0, skew:False
                                       Nn(s=0)      Integ_Nn     Nn/N0(@r0)   |    Sn(s=0)      Integ_Sn     Sn/S0(@r0)  
<multipole_order n>                    [T/m^n]      [T.m/m^n]        []       |    [T/m^n]      [T.m/m^n]        []      
n=00:                                3.2836e+00    -3.7461e-01   +1.0000e+00  |      ---           ---           ---     
n=01:                                4.3118e-03    +3.1265e+00   -1.0015e-01  |      ---           ---           ---     
n=02:                                2.9121e+02    +4.1175e+00   -1.5827e-03  |      ---           ---           ---     
n=03:                                8.3789e+02    -1.5322e+00   +7.0676e-06  |      ---           ---           ---     
n=04:                                2.5336e+06    +1.1286e+04   -6.2469e-04  |      ---           ---           ---     
n=05:                                1.0964e+07    -1.3846e+06   +9.1973e-04  |      ---           ---           ---     
n=06:                                4.9589e+10    +1.1455e+09   -9.1305e-03  |      ---           ---           ---     
n=07:                                1.0501e+11    +7.4100e+09   -7.0876e-04  |      ---           ---           ---     
n=08:                                3.3873e+13    -9.4355e+12   +1.0830e-02  |      ---           ---           ---     
n=10:                                5.3030e+17    +3.4485e+16   -5.6997e-03  |      ---           ---           ---     
