--- multipoles on reference trajectory (rz > 0) ---
effective_length:                   114.58379641620057 mm
perpendicular_grid:                 41 points in [-10.000000,+10.000000] mm
max_fitting_error_normal            1.064/32639.094 G/G
max_fitting_error_skew              1747.105/1747.105 G/G
r0_for_relative_multipoles          12.0 mm
main_monomial                       n = 0, skew:False
                                       Nn(s=0)      Integ_Nn     Nn/N0(@r0)   |    Sn(s=0)      Integ_Sn     Sn/S0(@r0)  
<multipole_order n>                    [T/m^n]      [T.m/m^n]        []       |    [T/m^n]      [T.m/m^n]        []      
n=00:                                3.2699e+00    -3.7468e-01   +1.0000e+00  |      ---           ---           ---     
n=01:                                9.2336e-02    +3.1214e+00   -9.9970e-02  |      ---           ---           ---     
n=02:                                2.5900e+02    +4.3533e+00   -1.6731e-03  |      ---           ---           ---     
n=03:                                1.3490e+03    -4.9186e+01   +2.2684e-04  |      ---           ---           ---     
n=04:                                4.5054e+06    +2.2595e+04   -1.2505e-03  |      ---           ---           ---     
n=05:                                9.1496e+06    -2.4893e+05   +1.6532e-04  |      ---           ---           ---     
n=06:                                5.7063e+09    +3.3265e+08   -2.6510e-03  |      ---           ---           ---     
n=07:                                1.8781e+11    -8.2584e+08   +7.8978e-05  |      ---           ---           ---     
n=08:                                6.1689e+14    +1.6243e+12   -1.8640e-03  |      ---           ---           ---     
n=10:                                2.7224e+18    -1.2455e+16   +2.0583e-03  |      ---           ---           ---     
