--- multipoles on reference trajectory (rz > 0) ---
effective_length:                   114.52779202197607 mm
perpendicular_grid:                 41 points in [-10.000000,+10.000000] mm
max_fitting_error_normal            0.824/32437.437 G/G
max_fitting_error_skew              1733.708/1733.708 G/G
r0_for_relative_multipoles          12.0 mm
main_monomial                       n = 0, skew:False
                                       Nn(s=0)      Integ_Nn     Nn/N0(@r0)   |    Sn(s=0)      Integ_Sn     Sn/S0(@r0)  
<multipole_order n>                    [T/m^n]      [T.m/m^n]        []       |    [T/m^n]      [T.m/m^n]        []      
n=00:                                3.2795e+00    -3.7559e-01   +1.0000e+00  |      ---           ---           ---     
n=01:                                8.0540e-02    +3.1350e+00   -1.0016e-01  |      ---           ---           ---     
n=02:                                2.9126e+02    +4.0504e+00   -1.5529e-03  |      ---           ---           ---     
n=03:                                7.4775e+02    -3.3711e+01   +1.5510e-04  |      ---           ---           ---     
n=04:                                3.2407e+06    +2.5158e+04   -1.3889e-03  |      ---           ---           ---     
n=05:                                4.0870e+07    -2.9191e+05   +1.9339e-04  |      ---           ---           ---     
n=06:                                3.4342e+10    +5.3365e+08   -4.2426e-03  |      ---           ---           ---     
n=07:                                1.0443e+11    +3.2198e+09   -3.0718e-04  |      ---           ---           ---     
n=08:                                1.8328e+14    -2.0196e+12   +2.3121e-03  |      ---           ---           ---     
n=10:                                1.0818e+18    +5.7504e+15   -9.4797e-04  |      ---           ---           ---     
