--- multipoles on reference trajectory (rz > 0) ---
effective_length:                   114.43073297234855 mm
perpendicular_grid:                 41 points in [-10.000000,+10.000000] mm
max_fitting_error_normal            0.855/29404.993 G/G
max_fitting_error_skew              1737.722/1737.722 G/G
r0_for_relative_multipoles          12 mm
main_monomial                       n = 0, skew:False
                                       Nn(s=0)      Integ_Nn     Nn/N0(@r0)   |    Sn(s=0)      Integ_Sn     Sn/S0(@r0)  
<multipole_order n>                    [T/m^n]      [T.m/m^n]        []       |    [T/m^n]      [T.m/m^n]        []      
n=00:                                3.2728e+00    -3.7451e-01   +1.0000e+00  |      ---           ---           ---     
n=01:                                7.0718e-02    +3.1271e+00   -1.0020e-01  |      ---           ---           ---     
n=02:                                2.4019e+02    +2.4366e+00   -9.3688e-04  |      ---           ---           ---     
n=03:                                1.4332e+02    -1.5270e+02   +7.0455e-04  |      ---           ---           ---     
n=04:                                5.3997e+06    +9.4923e+04   -5.2557e-03  |      ---           ---           ---     
n=05:                                7.2455e+06    +1.9364e+06   -1.2866e-03  |      ---           ---           ---     
n=06:                                1.8017e+10    -8.3755e+08   +6.6778e-03  |      ---           ---           ---     
n=07:                                1.1093e+11    -1.1561e+10   +1.1061e-03  |      ---           ---           ---     
n=08:                                6.5172e+14    +9.8728e+12   -1.1335e-02  |      ---           ---           ---     
n=10:                                2.5964e+18    -3.3243e+16   +5.4961e-03  |      ---           ---           ---     
