--- multipoles on reference trajectory (rz > 0) ---
effective_length:                   114.88466396060835 mm
perpendicular_grid:                 41 points in [-10.000000,+10.000000] mm
max_fitting_error_normal            0.574/32268.778 G/G
max_fitting_error_skew              1738.732/1738.732 G/G
r0_for_relative_multipoles          12.0 mm
main_monomial                       n = 0, skew:False
                                       Nn(s=0)      Integ_Nn     Nn/N0(@r0)   |    Sn(s=0)      Integ_Sn     Sn/S0(@r0)  
<multipole_order n>                    [T/m^n]      [T.m/m^n]        []       |    [T/m^n]      [T.m/m^n]        []      
n=00:                                3.2657e+00    -3.7518e-01   +1.0000e+00  |      ---           ---           ---     
n=01:                                4.1537e-01    +3.1301e+00   -1.0011e-01  |      ---           ---           ---     
n=02:                                2.0517e+02    +2.8489e+00   -1.0935e-03  |      ---           ---           ---     
n=03:                                1.1829e+04    -2.1700e+02   +9.9943e-04  |      ---           ---           ---     
n=04:                                4.8713e+06    +6.8536e+04   -3.7879e-03  |      ---           ---           ---     
n=05:                                9.4829e+07    +1.7864e+06   -1.1848e-03  |      ---           ---           ---     
n=06:                                4.2104e+09    -2.9981e+08   +2.3861e-03  |      ---           ---           ---     
n=07:                                3.7875e+11    -8.2775e+09   +7.9054e-04  |      ---           ---           ---     
n=08:                                5.1775e+14    +4.7862e+12   -5.4853e-03  |      ---           ---           ---     
n=10:                                2.1258e+18    -1.4743e+16   +2.4330e-03  |      ---           ---           ---     
