--- multipoles on reference trajectory (rz > 0) ---
effective_length:                   114.16317765966744 mm
perpendicular_grid:                 41 points in [-10.000000,+10.000000] mm
max_fitting_error_normal            0.534/30221.803 G/G
max_fitting_error_skew              1719.478/1719.478 G/G
r0_for_relative_multipoles          12 mm
main_monomial                       n = 0, skew:False
                                       Nn(s=0)      Integ_Nn     Nn/N0(@r0)   |    Sn(s=0)      Integ_Sn     Sn/S0(@r0)  
<multipole_order n>                    [T/m^n]      [T.m/m^n]        []       |    [T/m^n]      [T.m/m^n]        []      
n=00:                                3.2796e+00    -3.7441e-01   +1.0000e+00  |      ---           ---           ---     
n=01:                                4.1812e-02    +3.1229e+00   -1.0009e-01  |      ---           ---           ---     
n=02:                                2.6279e+02    +3.6176e+00   -1.3913e-03  |      ---           ---           ---     
n=03:                                2.2339e+03    -1.8344e+01   +8.4664e-05  |      ---           ---           ---     
n=04:                                4.4436e+06    +3.8157e+04   -2.1133e-03  |      ---           ---           ---     
n=05:                                4.8125e+06    -1.2505e+06   +8.3107e-04  |      ---           ---           ---     
n=06:                                5.2491e+09    +1.6299e+08   -1.2999e-03  |      ---           ---           ---     
n=07:                                1.8229e+11    +4.5252e+09   -4.3307e-04  |      ---           ---           ---     
n=08:                                6.3305e+14    +3.3027e+12   -3.7929e-03  |      ---           ---           ---     
n=10:                                2.8184e+18    -1.9773e+16   +3.2699e-03  |      ---           ---           ---     
