--- multipoles on reference trajectory (rz > 0) ---
effective_length:                   114.35575857270881 mm
perpendicular_grid:                 41 points in [-10.000000,+10.000000] mm
max_fitting_error_normal            0.902/32523.076 G/G
max_fitting_error_skew              1730.309/1730.309 G/G
r0_for_relative_multipoles          12 mm
main_monomial                       n = 0, skew:False
                                       Nn(s=0)      Integ_Nn     Nn/N0(@r0)   |    Sn(s=0)      Integ_Sn     Sn/S0(@r0)  
<multipole_order n>                    [T/m^n]      [T.m/m^n]        []       |    [T/m^n]      [T.m/m^n]        []      
n=00:                                3.2788e+00    -3.7495e-01   +1.0000e+00  |      ---           ---           ---     
n=01:                                1.1279e-01    +3.1264e+00   -1.0006e-01  |      ---           ---           ---     
n=02:                                2.5817e+02    +1.9328e+00   -7.4229e-04  |      ---           ---           ---     
n=03:                                3.7494e+03    +3.7695e+01   -1.7372e-04  |      ---           ---           ---     
n=04:                                4.5476e+06    +1.2102e+05   -6.6931e-03  |      ---           ---           ---     
n=05:                                2.9589e+07    -1.8291e+06   +1.2139e-03  |      ---           ---           ---     
n=06:                                7.6155e+09    -1.1964e+09   +9.5281e-03  |      ---           ---           ---     
n=07:                                1.4141e+11    +9.9767e+09   -9.5343e-04  |      ---           ---           ---     
n=08:                                4.4273e+14    +1.3015e+13   -1.4925e-02  |      ---           ---           ---     
n=10:                                2.0338e+18    -4.4635e+16   +7.3708e-03  |      ---           ---           ---     
