--- multipoles on reference trajectory (rz > 0) ---
effective_length:                   114.44824446291975 mm
perpendicular_grid:                 41 points in [-10.000000,+10.000000] mm
max_fitting_error_normal            0.911/29443.599 G/G
max_fitting_error_skew              1755.127/1755.127 G/G
r0_for_relative_multipoles          12 mm
main_monomial                       n = 0, skew:False
                                       Nn(s=0)      Integ_Nn     Nn/N0(@r0)   |    Sn(s=0)      Integ_Sn     Sn/S0(@r0)  
<multipole_order n>                    [T/m^n]      [T.m/m^n]        []       |    [T/m^n]      [T.m/m^n]        []      
n=00:                                3.2759e+00    -3.7492e-01   +1.0000e+00  |      ---           ---           ---     
n=01:                                1.5844e-02    +3.1298e+00   -1.0018e-01  |      ---           ---           ---     
n=02:                                2.8198e+02    +3.9502e+00   -1.5172e-03  |      ---           ---           ---     
n=03:                                3.9896e+03    -1.7572e+01   +8.0992e-05  |      ---           ---           ---     
n=04:                                3.9814e+06    +5.3577e+04   -2.9632e-03  |      ---           ---           ---     
n=05:                                1.3804e+07    -7.2230e+05   +4.7939e-04  |      ---           ---           ---     
n=06:                                2.2194e+10    -5.8346e+07   +4.6469e-04  |      ---           ---           ---     
n=07:                                2.1757e+11    +8.1767e+08   -7.8147e-05  |      ---           ---           ---     
n=08:                                2.6089e+14    +3.2519e+12   -3.7295e-03  |      ---           ---           ---     
n=10:                                1.2331e+18    -1.1646e+16   +1.9234e-03  |      ---           ---           ---     
