--- multipoles on reference trajectory (rz > 0) ---
effective_length:                   113.98979544030495 mm
perpendicular_grid:                 41 points in [-10.000000,+10.000000] mm
max_fitting_error_normal            0.543/27831.132 G/G
max_fitting_error_skew              1732.399/1732.399 G/G
r0_for_relative_multipoles          12 mm
main_monomial                       n = 0, skew:False
                                       Nn(s=0)      Integ_Nn     Nn/N0(@r0)   |    Sn(s=0)      Integ_Sn     Sn/S0(@r0)  
<multipole_order n>                    [T/m^n]      [T.m/m^n]        []       |    [T/m^n]      [T.m/m^n]        []      
n=00:                                3.2848e+00    -3.7444e-01   +1.0000e+00  |      ---           ---           ---     
n=01:                                6.7163e-03    +3.1253e+00   -1.0016e-01  |      ---           ---           ---     
n=02:                                2.1310e+02    +2.3740e+00   -9.1299e-04  |      ---           ---           ---     
n=03:                                4.1195e+03    -2.2030e+02   +1.0167e-03  |      ---           ---           ---     
n=04:                                5.3705e+06    +4.1838e+04   -2.3170e-03  |      ---           ---           ---     
n=05:                                6.7616e+07    +2.8443e+06   -1.8902e-03  |      ---           ---           ---     
n=06:                                1.4213e+10    +4.7088e+08   -3.7550e-03  |      ---           ---           ---     
n=07:                                4.9773e+11    -1.6190e+10   +1.5493e-03  |      ---           ---           ---     
n=08:                                6.1181e+14    -3.0640e+12   +3.5185e-03  |      ---           ---           ---     
n=10:                                2.4045e+18    +1.3262e+16   -2.1930e-03  |      ---           ---           ---     
