--- multipoles on reference trajectory (rz > 0) ---
effective_length:                   114.08184662304201 mm
perpendicular_grid:                 41 points in [-10.000000,+10.000000] mm
max_fitting_error_normal            0.660/30204.165 G/G
max_fitting_error_skew              1725.606/1725.606 G/G
r0_for_relative_multipoles          12 mm
main_monomial                       n = 0, skew:False
                                       Nn(s=0)      Integ_Nn     Nn/N0(@r0)   |    Sn(s=0)      Integ_Sn     Sn/S0(@r0)  
<multipole_order n>                    [T/m^n]      [T.m/m^n]        []       |    [T/m^n]      [T.m/m^n]        []      
n=00:                                3.2861e+00    -3.7489e-01   +1.0000e+00  |      ---           ---           ---     
n=01:                                3.6025e-02    +3.1350e+00   -1.0035e-01  |      ---           ---           ---     
n=02:                                2.6790e+02    +3.0857e+00   -1.1853e-03  |      ---           ---           ---     
n=03:                                2.3575e+03    +2.3692e+00   -1.0921e-05  |      ---           ---           ---     
n=04:                                3.7905e+06    +4.8573e+04   -2.6867e-03  |      ---           ---           ---     
n=05:                                3.9895e+07    -1.7742e+06   +1.1777e-03  |      ---           ---           ---     
n=06:                                2.5604e+10    +1.7053e+08   -1.3583e-03  |      ---           ---           ---     
n=07:                                9.3158e+09    +7.2448e+09   -6.9246e-04  |      ---           ---           ---     
n=08:                                2.1424e+14    +3.0935e+11   -3.5481e-04  |      ---           ---           ---     
n=10:                                1.0293e+18    -7.4773e+13   +1.2350e-05  |      ---           ---           ---     
