--- multipoles on reference trajectory (rz > 0) ---
effective_length:                   114.09783407143345 mm
perpendicular_grid:                 41 points in [-10.000000,+10.000000] mm
max_fitting_error_normal            0.694/32600.673 G/G
max_fitting_error_skew              1731.584/1731.584 G/G
r0_for_relative_multipoles          12 mm
main_monomial                       n = 0, skew:False
                                       Nn(s=0)      Integ_Nn     Nn/N0(@r0)   |    Sn(s=0)      Integ_Sn     Sn/S0(@r0)  
<multipole_order n>                    [T/m^n]      [T.m/m^n]        []       |    [T/m^n]      [T.m/m^n]        []      
n=00:                                3.2826e+00    -3.7454e-01   +1.0000e+00  |      ---           ---           ---     
n=01:                                1.2474e-02    +3.1298e+00   -1.0028e-01  |      ---           ---           ---     
n=02:                                3.0439e+02    +4.3977e+00   -1.6908e-03  |      ---           ---           ---     
n=03:                                6.2177e+02    +3.9693e+01   -1.8313e-04  |      ---           ---           ---     
n=04:                                3.3974e+06    +3.7533e+04   -2.0780e-03  |      ---           ---           ---     
n=05:                                1.7976e+06    -1.8825e+06   +1.2507e-03  |      ---           ---           ---     
n=06:                                1.7350e+10    -2.3950e+08   +1.9094e-03  |      ---           ---           ---     
n=07:                                1.2137e+11    +8.1180e+09   -7.7664e-04  |      ---           ---           ---     
n=08:                                4.4329e+14    +9.6964e+12   -1.1132e-02  |      ---           ---           ---     
n=10:                                2.1966e+18    -4.7397e+16   +7.8354e-03  |      ---           ---           ---     
