--- multipoles on reference trajectory (rz > 0) ---
effective_length:                   114.39325227359633 mm
perpendicular_grid:                 41 points in [-10.000000,+10.000000] mm
max_fitting_error_normal            0.684/32738.793 G/G
max_fitting_error_skew              1722.229/1722.229 G/G
r0_for_relative_multipoles          12 mm
main_monomial                       n = 0, skew:False
                                       Nn(s=0)      Integ_Nn     Nn/N0(@r0)   |    Sn(s=0)      Integ_Sn     Sn/S0(@r0)  
<multipole_order n>                    [T/m^n]      [T.m/m^n]        []       |    [T/m^n]      [T.m/m^n]        []      
n=00:                                3.2794e+00    -3.7514e-01   +1.0000e+00  |      ---           ---           ---     
n=01:                                5.2910e-02    +3.1285e+00   -1.0007e-01  |      ---           ---           ---     
n=02:                                2.7669e+02    +4.3130e+00   -1.6556e-03  |      ---           ---           ---     
n=03:                                2.6814e+03    -5.3350e+01   +2.4575e-04  |      ---           ---           ---     
n=04:                                3.5954e+06    +1.7671e+02   -9.7679e-06  |      ---           ---           ---     
n=05:                                7.5481e+04    -6.6930e+05   +4.4395e-04  |      ---           ---           ---     
n=06:                                2.0840e+10    +1.3161e+09   -1.0476e-02  |      ---           ---           ---     
n=07:                                1.7527e+11    +2.6181e+09   -2.5007e-04  |      ---           ---           ---     
n=08:                                3.0885e+14    -1.1552e+13   +1.3241e-02  |      ---           ---           ---     
n=10:                                1.4767e+18    +4.4357e+16   -7.3212e-03  |      ---           ---           ---     
