--- multipoles on reference trajectory (rz > 0) ---
effective_length:                   114.52159357411283 mm
perpendicular_grid:                 41 points in [-10.000000,+10.000000] mm
max_fitting_error_normal            0.824/32437.421 G/G
max_fitting_error_skew              1733.708/1733.708 G/G
r0_for_relative_multipoles          12 mm
main_monomial                       n = 0, skew:False
                                       Nn(s=0)      Integ_Nn     Nn/N0(@r0)   |    Sn(s=0)      Integ_Sn     Sn/S0(@r0)  
<multipole_order n>                    [T/m^n]      [T.m/m^n]        []       |    [T/m^n]      [T.m/m^n]        []      
n=00:                                3.2795e+00    -3.7557e-01   +1.0000e+00  |      ---           ---           ---     
n=01:                                8.0596e-02    +3.1349e+00   -1.0016e-01  |      ---           ---           ---     
n=02:                                2.9127e+02    +4.0692e+00   -1.5602e-03  |      ---           ---           ---     
n=03:                                7.4854e+02    -3.4632e+01   +1.5934e-04  |      ---           ---           ---     
n=04:                                3.2406e+06    +2.3868e+04   -1.3178e-03  |      ---           ---           ---     
n=05:                                4.0904e+07    -2.7721e+05   +1.8367e-04  |      ---           ---           ---     
n=06:                                3.4347e+10    +5.6639e+08   -4.5031e-03  |      ---           ---           ---     
n=07:                                1.0450e+11    +3.1538e+09   -3.0090e-04  |      ---           ---           ---     
n=08:                                1.8324e+14    -2.3643e+12   +2.7069e-03  |      ---           ---           ---     
n=10:                                1.0817e+18    +7.0315e+15   -1.1592e-03  |      ---           ---           ---     
