--- multipoles on reference trajectory (rz > 0) ---
effective_length:                   114.59463194879203 mm
perpendicular_grid:                 41 points in [-10.000000,+10.000000] mm
max_fitting_error_normal            0.624/32286.812 G/G
max_fitting_error_skew              1721.231/1721.231 G/G
r0_for_relative_multipoles          12 mm
main_monomial                       n = 0, skew:False
                                       Nn(s=0)      Integ_Nn     Nn/N0(@r0)   |    Sn(s=0)      Integ_Sn     Sn/S0(@r0)  
<multipole_order n>                    [T/m^n]      [T.m/m^n]        []       |    [T/m^n]      [T.m/m^n]        []      
n=00:                                3.2700e+00    -3.7473e-01   +1.0000e+00  |      ---           ---           ---     
n=01:                                1.3221e-02    +3.1318e+00   -1.0029e-01  |      ---           ---           ---     
n=02:                                2.2098e+02    +3.1963e+00   -1.2283e-03  |      ---           ---           ---     
n=03:                                5.6798e+03    -3.6094e+02   +1.6645e-03  |      ---           ---           ---     
n=04:                                5.9845e+06    +4.0450e+04   -2.2384e-03  |      ---           ---           ---     
n=05:                                8.9416e+07    +4.7664e+06   -3.1651e-03  |      ---           ---           ---     
n=06:                                2.9263e+10    +1.1263e+08   -8.9748e-04  |      ---           ---           ---     
n=07:                                4.3082e+11    -2.2761e+10   +2.1765e-03  |      ---           ---           ---     
n=08:                                7.5425e+14    +2.4166e+12   -2.7729e-03  |      ---           ---           ---     
n=10:                                2.9348e+18    -1.0496e+16   +1.7343e-03  |      ---           ---           ---     
