--- multipoles on reference trajectory (rz > 0) ---
effective_length:                   114.70729969080307 mm
perpendicular_grid:                 41 points in [-10.000000,+10.000000] mm
max_fitting_error_normal            0.574/32268.795 G/G
max_fitting_error_skew              1738.731/1738.731 G/G
r0_for_relative_multipoles          12 mm
main_monomial                       n = 0, skew:False
                                       Nn(s=0)      Integ_Nn     Nn/N0(@r0)   |    Sn(s=0)      Integ_Sn     Sn/S0(@r0)  
<multipole_order n>                    [T/m^n]      [T.m/m^n]        []       |    [T/m^n]      [T.m/m^n]        []      
n=00:                                3.2657e+00    -3.7460e-01   +1.0000e+00  |      ---           ---           ---     
n=01:                                4.1542e-01    +3.1269e+00   -1.0017e-01  |      ---           ---           ---     
n=02:                                2.0517e+02    +2.3765e+00   -9.1355e-04  |      ---           ---           ---     
n=03:                                1.1828e+04    -1.1531e+02   +5.3190e-04  |      ---           ---           ---     
n=04:                                4.8714e+06    +8.9453e+04   -4.9516e-03  |      ---           ---           ---     
n=05:                                9.4856e+07    -2.6629e+05   +1.7688e-04  |      ---           ---           ---     
n=06:                                4.2112e+09    -6.9370e+08   +5.5295e-03  |      ---           ---           ---     
n=07:                                3.7879e+11    +2.9271e+09   -2.7998e-04  |      ---           ---           ---     
n=08:                                5.1776e+14    +8.0488e+12   -9.2386e-03  |      ---           ---           ---     
n=10:                                2.1258e+18    -2.4693e+16   +4.0815e-03  |      ---           ---           ---     
