--- multipoles on reference trajectory (rz > 0) ---
effective_length:                   114.25281744686016 mm
perpendicular_grid:                 41 points in [-10.000000,+10.000000] mm
max_fitting_error_normal            0.524/29284.869 G/G
max_fitting_error_skew              1732.433/1732.433 G/G
r0_for_relative_multipoles          12 mm
main_monomial                       n = 0, skew:False
                                       Nn(s=0)      Integ_Nn     Nn/N0(@r0)   |    Sn(s=0)      Integ_Sn     Sn/S0(@r0)  
<multipole_order n>                    [T/m^n]      [T.m/m^n]        []       |    [T/m^n]      [T.m/m^n]        []      
n=00:                                3.2848e+00    -3.7530e-01   +1.0000e+00  |      ---           ---           ---     
n=01:                                6.7163e-03    +3.1334e+00   -1.0019e-01  |      ---           ---           ---     
n=02:                                2.1310e+02    +3.6873e+00   -1.4148e-03  |      ---           ---           ---     
n=03:                                4.1195e+03    -2.8428e+02   +1.3089e-03  |      ---           ---           ---     
n=04:                                5.3705e+06    +1.2555e+04   -6.9367e-04  |      ---           ---           ---     
n=05:                                6.7616e+07    +3.6553e+06   -2.4235e-03  |      ---           ---           ---     
n=06:                                1.4213e+10    +5.7176e+08   -4.5490e-03  |      ---           ---           ---     
n=07:                                4.9773e+11    -1.9845e+10   +1.8947e-03  |      ---           ---           ---     
n=08:                                6.1181e+14    -8.1087e+11   +9.2902e-04  |      ---           ---           ---     
n=10:                                2.4045e+18    -1.9523e+15   +3.2210e-04  |      ---           ---           ---     
