--- multipoles on reference trajectory (rz > 0) ---
effective_length:                   114.46579936337355 mm
perpendicular_grid:                 41 points in [-10.000000,+10.000000] mm
max_fitting_error_normal            1.050/32702.308 G/G
max_fitting_error_skew              1739.490/1739.490 G/G
r0_for_relative_multipoles          12 mm
main_monomial                       n = 0, skew:False
                                       Nn(s=0)      Integ_Nn     Nn/N0(@r0)   |    Sn(s=0)      Integ_Sn     Sn/S0(@r0)  
<multipole_order n>                    [T/m^n]      [T.m/m^n]        []       |    [T/m^n]      [T.m/m^n]        []      
n=00:                                3.2713e+00    -3.7446e-01   +1.0000e+00  |      ---           ---           ---     
n=01:                                7.6831e-02    +3.1251e+00   -1.0015e-01  |      ---           ---           ---     
n=02:                                2.6088e+02    +3.9434e+00   -1.5165e-03  |      ---           ---           ---     
n=03:                                1.5937e+03    -1.6687e+02   +7.7005e-04  |      ---           ---           ---     
n=04:                                4.4679e+06    +7.1039e+04   -3.9339e-03  |      ---           ---           ---     
n=05:                                1.6229e+07    +1.7598e+06   -1.1694e-03  |      ---           ---           ---     
n=06:                                6.7921e+09    -1.1181e+09   +8.9157e-03  |      ---           ---           ---     
n=07:                                1.2857e+11    -9.7205e+09   +9.3016e-04  |      ---           ---           ---     
n=08:                                6.1446e+14    +1.8148e+13   -2.0840e-02  |      ---           ---           ---     
n=10:                                2.6294e+18    -7.6093e+16   +1.2582e-02  |      ---           ---           ---     
