--- multipoles on reference trajectory (rz > 0) ---
effective_length:                   114.87930722430592 mm
perpendicular_grid:                 41 points in [-10.000000,+10.000000] mm
max_fitting_error_normal            0.574/32268.795 G/G
max_fitting_error_skew              1738.732/1738.732 G/G
r0_for_relative_multipoles          12 mm
main_monomial                       n = 0, skew:False
                                       Nn(s=0)      Integ_Nn     Nn/N0(@r0)   |    Sn(s=0)      Integ_Sn     Sn/S0(@r0)  
<multipole_order n>                    [T/m^n]      [T.m/m^n]        []       |    [T/m^n]      [T.m/m^n]        []      
n=00:                                3.2657e+00    -3.7517e-01   +1.0000e+00  |      ---           ---           ---     
n=01:                                4.1542e-01    +3.1301e+00   -1.0012e-01  |      ---           ---           ---     
n=02:                                2.0517e+02    +2.8430e+00   -1.0912e-03  |      ---           ---           ---     
n=03:                                1.1828e+04    -2.1708e+02   +9.9984e-04  |      ---           ---           ---     
n=04:                                4.8714e+06    +6.8800e+04   -3.8027e-03  |      ---           ---           ---     
n=05:                                9.4856e+07    +1.7834e+06   -1.1829e-03  |      ---           ---           ---     
n=06:                                4.2112e+09    -3.0493e+08   +2.4270e-03  |      ---           ---           ---     
n=07:                                3.7879e+11    -8.2481e+09   +7.8777e-04  |      ---           ---           ---     
n=08:                                5.1776e+14    +4.8299e+12   -5.5356e-03  |      ---           ---           ---     
n=10:                                2.1258e+18    -1.4880e+16   +2.4558e-03  |      ---           ---           ---     
