--- multipoles on reference trajectory (rz > 0) ---
effective_length:                   114.12340715324584 mm
perpendicular_grid:                 41 points in [-10.000000,+10.000000] mm
max_fitting_error_normal            0.741/32582.034 G/G
max_fitting_error_skew              1735.405/1735.405 G/G
r0_for_relative_multipoles          12 mm
main_monomial                       n = 0, skew:False
                                       Nn(s=0)      Integ_Nn     Nn/N0(@r0)   |    Sn(s=0)      Integ_Sn     Sn/S0(@r0)  
<multipole_order n>                    [T/m^n]      [T.m/m^n]        []       |    [T/m^n]      [T.m/m^n]        []      
n=00:                                3.2872e+00    -3.7515e-01   +1.0000e+00  |      ---           ---           ---     
n=01:                                1.1070e-02    +3.1306e+00   -1.0014e-01  |      ---           ---           ---     
n=02:                                2.3066e+02    +2.5078e+00   -9.6261e-04  |      ---           ---           ---     
n=03:                                4.2418e+02    +1.6080e-01   -7.4066e-07  |      ---           ---           ---     
n=04:                                5.3487e+06    +9.1300e+04   -5.0465e-03  |      ---           ---           ---     
n=05:                                1.7351e+07    -1.0269e+06   +6.8115e-04  |      ---           ---           ---     
n=06:                                1.6716e+10    -8.9771e+08   +7.1453e-03  |      ---           ---           ---     
n=07:                                2.1362e+10    +4.0389e+09   -3.8577e-04  |      ---           ---           ---     
n=08:                                6.5368e+14    +1.1170e+13   -1.2803e-02  |      ---           ---           ---     
n=10:                                2.6071e+18    -3.8845e+16   +6.4112e-03  |      ---           ---           ---     
